freq	Eq_Tx
4.00000000000000000E9	9.25883422873287643E-4
4.01503759398496296E9	9.66627363451742738E-4
4.03007518796992503E9	1.00971407045668160E-3
4.04511278195488622E9	1.05530240177959467E-3
4.06015037593985006E9	1.10356365338110196E-3
4.07518796992481214E9	1.15468265939092118E-3
4.09022556390977599E9	1.20885900072652785E-3
4.10526315789473806E9	1.26630833402986176E-3
4.12030075187969924E9	1.32726385411737535E-3
4.13533834586466220E9	1.39197790471795679E-3
4.15037593984962516E9	1.46072375405744226E-3
4.16541353383458635E9	1.53379755385991512E-3
4.18045112781955019E9	1.61152050261596824E-3
4.19548872180451315E9	1.69424123654595071E-3
4.21052631578947434E9	1.78233847461038497E-3
4.22556390977443730E9	1.87622394723116503E-3
4.24060150375940026E9	1.97634564215028008E-3
4.25563909774436233E9	2.08319140512462342E-3
4.27067669172932352E9	2.19729293801162706E-3
4.28571428571428648E9	2.31923024232651898E-3
4.30075187969925032E9	2.44963656264109142E-3
4.31578947368421151E9	2.58920389136332085E-3
4.33082706766917358E9	2.73868910460213577E-3
4.34586466165413743E9	2.89892080814511921E-3
4.36090225563909861E9	3.07080698320710122E-3
4.37593984962406246E9	3.25534353375100860E-3
4.39097744360902453E9	3.45362385105221170E-3
4.40601503759398661E9	3.66684952700504985E-3
4.42105263157894957E9	3.89634236578424353E-3
4.43609022556391164E9	4.14355786412314853E-3
4.45112781954887282E9	4.41010035409342471E-3
4.46616541353383667E9	4.69774002919997091E-3
4.48120300751879874E9	5.00843210534389716E-3
4.49624060150376170E9	5.34433840320885611E-3
4.51127819548872289E9	5.70785167845090591E-3
4.52631578947368673E9	6.10162307128898718E-3
4.54135338345864881E9	6.52859309828641443E-3
4.55639097744361088E9	6.99202666689672192E-3
4.57142857142857473E9	7.49555265828558159E-3
4.58646616541353591E9	8.04320869651234283E-3
4.60150375939849887E9	8.63949180269503181E-3
4.61654135338346094E9	9.28941572135084570E-3
4.63157894736842302E9	9.99857580229679144E-3
4.64661654135338598E9	1.07732224243141306E-2
4.66165413533834894E9	1.16203440541520608E-2
4.67669172932331101E9	1.25477611429328895E-2
4.69172932330827308E9	1.35642321661043219E-2
4.70676691729323515E9	1.46795732043189742E-2
4.72180451127819900E9	1.59047925285237945E-2
4.73684210526316107E9	1.72522416749940644E-2
4.75187969924812315E9	1.87357844492321313E-2
4.76691729323308522E9	2.03709851453156610E-2
4.78195488721804729E9	2.21753169592339550E-2
4.79699248120301025E9	2.41683910422319315E-2
4.81203007518797321E9	2.63722057905277696E-2
4.82706766917293528E9	2.88114146772642199E-2
4.84210526315789913E9	3.15136090394627688E-2
4.85714285714286031E9	3.45096095287222315E-2
4.87218045112782239E9	3.78337561582299831E-2
4.88721804511278446E9	4.15241817125761337E-2
4.90225563909774742E9	4.56230463618960425E-2
4.91729323308270949E9	5.01767022377196348E-2
4.93233082706767245E9	5.52357451010987432E-2
4.94736842105263541E9	6.08548957885569308E-2
4.96240601503759837E9	6.70926368492240854E-2
4.97744360902255956E9	7.40105101987788494E-2
4.99248120300752252E9	8.16719611198803896E-2
5.00751879699248548E9	9.01405953528752413E-2
5.02255639097744844E9	9.94777041988019661E-2
5.03759398496241051E9	1.09738915022261385E-1
5.05263157894737169E9	1.20969851871248912E-1
5.06766917293233465E9	1.33200756423780464E-1
5.08270676691729761E9	1.46440137393859504E-1
5.09774436090225969E9	1.60667698071088072E-1
5.11278195488722176E9	1.75827037960437682E-1
5.12781954887218472E9	1.91818916992892774E-1
5.14285714285714679E9	2.08496161382012835E-1
5.15789473684210797E9	2.25661496333750300E-1
5.17293233082707271E9	2.43069603432335590E-1
5.18796992481203478E9	2.60434412240053748E-1
5.20300751879699597E9	2.77441989157850566E-1
5.21804511278195982E9	2.93768429290790500E-1
5.23308270676692100E9	3.09101072344803995E-1
5.24812030075188574E9	3.23160445951008279E-1
5.26315789473684781E9	3.35719901720091585E-1
5.27819548872181077E9	3.46620149466231986E-1
5.29323308270677195E9	3.55776794530709495E-1
5.30827067669173402E9	3.63180294277991234E-1
5.32330827067669698E9	3.68889092822345344E-1
5.33834586466165906E9	3.73017710526647717E-1
5.35338345864662202E9	3.75722051562201020E-1
5.36842105263158498E9	3.77184140582509109E-1
5.38345864661654794E9	3.77598053528780930E-1
5.39849624060150823E9	3.77158176664489009E-1
5.41353383458647208E9	3.76050300832299467E-1
5.42857142857143327E9	3.74445556147710246E-1
5.44360902255639623E9	3.72496863210163776E-1
5.45864661654136007E9	3.70337411987286380E-1
5.47368421052632215E9	3.68080640783684787E-1
5.48872180451128422E9	3.65821229517355340E-1
5.50375939849624629E9	3.63636704017132395E-1
5.51879699248120925E9	3.61589342472072639E-1
5.53383458646617132E9	3.59728164029341313E-1
5.54887218045113428E9	3.58090854301689454E-1
5.56390977443609636E9	3.56705540655630227E-1
5.57894736842105932E9	3.55592372491843278E-1
5.59398496240602050E9	3.54764890785427456E-1
5.60902255639098435E9	3.54231189854674167E-1
5.62406015037594642E9	3.53994885427098849E-1
5.63909774436090849E9	3.54055908875812353E-1
5.65413533834587057E9	3.54411149799479741E-1
5.66917293233083353E9	3.55054969233628626E-1
5.68421052631579560E9	3.55979604633192848E-1
5.69924812030075856E9	3.57175485977672480E-1
5.71428571428572063E9	3.58631480316289331E-1
5.72932330827068359E9	3.60335080030216037E-1
5.74436090225564566E9	3.62272548170262843E-1
5.75939849624060862E9	3.64429032490478644E-1
5.77443609022556981E9	3.66788658251331068E-1
5.78947368421053188E9	3.69334608496275951E-1
5.80451127819549484E9	3.72049199280855625E-1
5.81954887218045780E9	3.74913956217185973E-1
5.83458646616542165E9	3.77909697650243626E-1
5.84962406015038372E9	3.81016628770912691E-1
5.86466165413534490E9	3.84214449965757687E-1
5.87969924812030786E9	3.87482481684523083E-1
5.89473684210527171E9	3.90799807064120941E-1
5.90977443609023290E9	3.94145432482754821E-1
5.92481203007519497E9	3.97498465143843083E-1
5.93984962406015704E9	4.00838305728667166E-1
5.95488721804512000E9	4.04144853144608085E-1
5.96992481203008207E9	4.07398717471155969E-1
5.98496240601504503E9	4.10581436415094636E-1
6.00000000000000711E9	4.13675689973587613E-1
6.01503759398496918E9	4.16665507610119690E-1
6.03007518796993214E9	4.19536462106253438E-1
6.04511278195489421E9	4.22275844381118226E-1
6.06015037593985717E9	4.24872813974433239E-1
6.07518796992481924E9	4.27318520555103465E-1
6.09022556390978131E9	4.29606192713697510E-1
6.10526315789474427E9	4.31731191378151102E-1
6.12030075187970724E9	4.33691026397028256E-1
6.13533834586466931E9	4.35485336096201792E-1
6.15037593984963138E9	4.37115830862442145E-1
6.16541353383459345E9	4.38586202972914752E-1
6.18045112781955819E9	4.39902005912734406E-1
6.19548872180452026E9	4.41070507256359079E-1
6.21052631578948144E9	4.42100519799194736E-1
6.22556390977444352E9	4.43002215997860915E-1
6.24060150375940559E9	4.43786930910779454E-1
6.25563909774436944E9	4.44466958740424012E-1
6.27067669172933329E9	4.45055347791323808E-1
6.28571428571429447E9	4.45565698209808581E-1
6.30075187969925654E9	4.46011966303020024E-1
6.31578947368421950E9	4.46408278588391916E-1
6.33082706766918157E9	4.46768758041406677E-1
6.34586466165414453E9	4.47107364325706857E-1
6.36090225563910838E9	4.47437749136866980E-1
6.37593984962406957E9	4.47773127193674458E-1
6.39097744360902986E9	4.48126162886098189E-1
6.40601503759399371E9	4.48508872148479831E-1
6.42105263157895667E9	4.48932538774244172E-1
6.43609022556391874E9	4.49407644125152039E-1
6.45112781954888170E9	4.49943809009236340E-1
6.46616541353384378E9	4.50549746400806050E-1
6.48120300751880585E9	4.51233223644136761E-1
6.49624060150376881E9	4.52001032810526038E-1
6.51127819548873088E9	4.52858967956206193E-1
6.52631578947369206E9	4.53811808146683227E-1
6.54135338345865591E9	4.54863305262624262E-1
6.55639097744361798E9	4.56016175775065591E-1
6.57142857142858094E9	4.57272095866578709E-1
6.58646616541354479E9	4.58631699473537502E-1
6.60150375939850598E9	4.60094579027292383E-1
6.61654135338346805E9	4.61659288873628704E-1
6.63157894736843012E9	4.63323351546044471E-1
6.64661654135339397E9	4.65083267254264499E-1
6.66165413533835515E9	4.66934527120847331E-1
6.67669172932331811E9	4.68871630850999388E-1
6.69172932330828019E9	4.70888109649034980E-1
6.70676691729324137E9	4.72976555294096901E-1
6.72180451127820788E9	4.75128656352791801E-1
6.73684210526316996E9	4.77335242531562542E-1
6.75187969924813114E9	4.79586338152026581E-1
6.76691729323309410E9	4.81871225663134428E-1
6.78195488721805440E9	4.84178519981133260E-1
6.79699248120301736E9	4.86496254269313155E-1
6.81203007518798120E9	4.88811977533375597E-1
6.82706766917294328E9	4.91112864117027570E-1
6.84210526315790624E9	4.93385834839939008E-1
6.85714285714286831E9	4.95617689134226680E-1
6.87218045112782949E9	4.97795247117378548E-1
6.88721804511279334E9	4.99905500102621492E-1
6.90225563909775452E9	5.01935767610465611E-1
6.91729323308271660E9	5.03873858526700502E-1
6.93233082706768045E9	5.05708233674931318E-1
6.94736842105264429E9	5.07428166757398280E-1
6.96240601503760548E9	5.09023900388120421E-1
6.97744360902256755E9	5.10486793816043694E-1
6.99248120300752873E9	5.11809458927784000E-1
7.00751879699249258E9	5.12985881239432473E-1
7.02255639097745465E9	5.14011522837440449E-1
7.03759398496241850E9	5.14883404605735251E-1
7.05263157894737880E9	5.15600165567779101E-1
7.06766917293234087E9	5.16162097759515959E-1
7.08270676691730472E9	5.16571155706638230E-1
7.09774436090226857E9	5.16830940277804629E-1
7.11278195488723064E9	5.16946657391382303E-1
7.12781954887219182E9	5.16925052734535662E-1
7.14285714285715478E9	5.16774324278000829E-1
7.15789473684211508E9	5.16504014910455389E-1
7.17293233082708070E9	5.16124887950893818E-1
7.18796992481204278E9	5.15648788610018194E-1
7.20300751879700396E9	5.15088494654940110E-1
7.21804511278196781E9	5.14457559584211843E-1
7.23308270676693077E9	5.13770151549205245E-1
7.24812030075189284E9	5.13040891075258898E-1
7.26315789473685403E9	5.12284690358861106E-1
7.27819548872181610E9	5.11516596565720150E-1
7.29323308270677995E9	5.10751641150731572E-1
7.30827067669174291E9	5.10004696786653078E-1
7.32330827067670498E9	5.09290343044829807E-1
7.33834586466166705E9	5.08622741537570722E-1
7.35338345864662823E9	5.08015520823993594E-1
7.36842105263159208E9	5.07481671012679847E-1
7.38345864661655327E9	5.07033447675102877E-1
7.39849624060151712E9	5.06682284420835050E-1
7.41353383458648274E9	5.06438713282738462E-1
7.42857142857144215E9	5.06312291920231239E-1
7.44360902255640422E9	5.06311536570959397E-1
7.45864661654136718E9	5.06443859664896756E-1
7.47368421052632925E9	5.06715511058054879E-1
7.48872180451129132E9	5.07131521942983632E-1
7.50375939849625251E9	5.07695650647762875E-1
7.51879699248121813E9	5.08410329741192246E-1
7.53383458646617754E9	5.09276614116927728E-1
7.54887218045114139E9	5.10294130030509052E-1
7.56390977443610346E9	5.11461025407129544E-1
7.57894736842106642E9	5.12773922120578263E-1
7.59398496240603027E9	5.14227871359470967E-1
7.60902255639099145E9	5.15816313637956458E-1
7.62406015037595353E9	5.17531045464339723E-1
7.63909774436091737E9	5.19362195138490357E-1
7.65413533834587678E9	5.21298210589634348E-1
7.66917293233084063E9	5.23325862567545919E-1
7.68421052631580359E9	5.25430266834717496E-1
7.69924812030076744E9	5.27594929242766941E-1
7.71428571428572951E9	5.29801817677077214E-1
7.72932330827068892E9	5.32031464781208907E-1
7.74436090225565277E9	5.34263105088267221E-1
7.75939849624061573E9	5.36474849655229047E-1
7.77443609022557958E9	5.38643900489707761E-1
7.78947368421054342E9	5.40746805960813237E-1
7.80451127819550283E9	5.42759756997397513E-1
7.81954887218046490E9	5.44658922220277830E-1
7.83458646616542875E9	5.46420818278729215E-1
7.84962406015038994E9	5.48022709641427763E-1
7.86466165413535556E9	5.49443030032390567E-1
7.87969924812031497E9	5.50661815731478477E-1
7.89473684210527882E9	5.51661139221675167E-1
7.90977443609024000E9	5.52425530314056967E-1
7.92481203007520207E9	5.52942371059411641E-1
7.93984962406016770E9	5.53202250584918254E-1
7.95488721804512711E9	5.53199266557264835E-1
7.96992481203009095E9	5.52931261300885168E-1
7.98496240601505480E9	5.52399982660804056E-1
8.00000000000001421E9	5.51611162399105837E-1
8.01503759398497984E9	5.50574508097473903E-1
8.03007518796993836E9	5.49303608002414734E-1
8.04511278195490220E9	5.47815751761258074E-1
8.06015037593986605E9	5.46131673314314536E-1
8.07518796992482990E9	5.44275225104835858E-1
8.09022556390979020E9	5.42272995054302953E-1
8.10526315789475049E9	5.40153879290040351E-1
8.12030075187971434E9	5.37948624333301151E-1
8.13533834586467819E9	5.35689352354284054E-1
8.15037593984964026E9	5.33409082232707554E-1
8.16541353383460411E9	5.31141257637530728E-1
8.18045112781956618E9	5.28919291301884265E-1
8.19548872180452825E9	5.26776132284296139E-1
8.21052631578949033E9	5.24743860443933041E-1
8.22556390977445417E9	5.22853309775578090E-1
8.24060150375941447E9	5.21133719790697647E-1
8.25563909774437654E9	5.19612411911859784E-1
8.27067669172933861E9	5.18314485962223337E-1
8.28571428571430069E9	5.17262530352375993E-1
8.30075187969926453E9	5.16476338551209047E-1
8.31578947368422838E9	5.15972623927068952E-1
8.33082706766918690E9	5.15764725113711275E-1
8.34586466165415253E9	5.15862294757060269E-1
8.36090225563911460E9	5.16270965915144675E-1
8.37593984962407845E9	5.16991992616937424E-1
8.39097744360904230E9	5.18021864256843401E-1
8.40601503759400259E9	5.19351897740083057E-1
8.42105263157896466E9	5.20967816719498700E-1
8.43609022556392674E9	5.22849333953466999E-1
8.45112781954888881E9	5.24969760755069625E-1
8.46616541353385266E9	5.27295676528943247E-1
8.48120300751881118E9	5.29786701109151270E-1
8.49624060150377503E9	5.32395422310058386E-1
8.51127819548873887E9	5.35067539686255245E-1
8.52631578947370272E9	5.37742291441658260E-1
8.54135338345866657E9	5.40353232807157546E-1
8.55639097744362687E9	5.42829428835274985E-1
8.57142857142858894E9	5.45097110282497255E-1
8.58646616541355101E9	5.47081816393615217E-1
8.60150375939851486E9	5.48711012380106666E-1
8.61654135338347693E9	5.49917123344880743E-1
8.63157894736843723E9	5.50640873768824424E-1
8.64661654135339930E9	5.50834768325094171E-1
8.66165413533836137E9	5.50466503687939657E-1
8.67669172932332700E9	5.49522071085226926E-1
8.69172932330828907E9	5.48008303719744916E-1
8.70676691729325114E9	5.45954646995328119E-1
8.72180451127821144E9	5.43413982937397222E-1
8.73684210526317884E9	5.40462417444189391E-1
8.75187969924813913E9	5.37198028348114676E-1
8.76691729323310298E9	5.33738657810219230E-1
8.78195488721806150E9	5.30218896875519974E-1
8.79699248120302535E9	5.26786436907577738E-1
8.81203007518798742E9	5.23597939132937729E-1
8.82706766917295127E9	5.20814490207668968E-1
8.84210526315791334E9	5.18596561030633119E-1
8.85714285714287541E9	5.17098159289772141E-1
8.87218045112783571E9	5.16459550340574580E-1
8.88721804511279956E9	5.16797497354218827E-1
8.90225563909776341E9	5.18191421686666676E-1
8.91729323308272548E9	5.20663211096926570E-1
8.93233082706768755E9	5.24147686560447656E-1
8.94736842105264962E9	5.28450255305271543E-1
8.96240601503761347E9	5.33188732932089149E-1
8.97744360902257554E9	5.37719200501498928E-1
8.99248120300753762E9	5.41053686230035158E-1
9.00751879699249969E9	5.41793811606931985E-1
9.02255639097745998E9	5.38130713599717225E-1
9.03759398496242383E9	5.27989321724505878E-1
9.05263157894738768E9	5.09395321232912313E-1
9.06766917293234975E9	4.81067109750918309E-1
9.08270676691731182E9	4.43061479332989627E-1
9.09774436090227567E9	3.97126493444300266E-1
9.11278195488723775E9	3.46450476332214308E-1
9.12781954887219982E9	2.94835873090596312E-1
9.14285714285716367E9	2.45713805332660007E-1
9.15789473684212396E9	2.01474969244817359E-1
9.17293233082708603E9	1.63305317614325296E-1
9.18796992481204988E9	1.31400086519310766E-1
9.20300751879701373E9	1.05319642033083727E-1
9.21804511278197403E9	8.43141436355178264E-2
9.23308270676693610E9	6.75490535650901158E-2
9.24812030075189817E9	5.42329606878298343E-2
9.26315789473686202E9	4.36751323354633403E-2
9.27819548872182409E9	3.53010843853501477E-2
9.29323308270678794E9	2.86467602852111414E-2
9.30827067669175179E9	2.33438754541333804E-2
9.32330827067671031E9	1.91031565351302723E-2
9.33834586466167416E9	1.56986320058555839E-2
9.35338345864663623E9	1.29541701441694523E-2
9.36842105263159830E9	1.07324860244556253E-2
9.38345864661656037E9	8.92641192532410876E-3
9.39849624060152244E9	7.45207855455607238E-3
9.41353383458648452E9	6.24363929895339265E-3
9.42857142857144837E9	5.24920882501016628E-3
9.44360902255641221E9	4.42774293283226950E-3
9.45864661654137606E9	3.74664160469545804E-3
9.47368421052633458E9	3.17990513738325697E-3
9.48872180451130021E9	2.70671247064745657E-3
9.50375939849626050E9	2.31032180322631309E-3
9.51879699248122435E9	1.97721755386234288E-3
9.53383458646618642E9	1.69644603738738775E-3
9.54887218045114672E9	1.45909611895671576E-3
9.56390977443611234E9	1.25789161015810880E-3
9.57894736842107264E9	1.08687009598816076E-3
9.59398496240603649E9	9.41128864233312612E-4
9.60902255639099678E9	8.16623130696621935E-4
9.62406015037595886E9	7.10005178749789856E-4
9.63909774436092448E9	6.18495632822286900E-4
9.65413533834588833E9	5.39780066892576738E-4
9.66917293233085040E9	4.71925663466705370E-4
9.68421052631581247E9	4.13313800055148306E-4
9.69924812030077454E9	3.62585334244240665E-4
9.71428571428573662E9	3.18596049212291010E-4
9.72932330827069691E9	2.80380257178563808E-4
9.74436090225566076E9	2.47120975162118039E-4
9.75939849624062283E9	2.18125413082095587E-4
9.77443609022558668E9	1.92804769538734933E-4
9.78947368421054875E9	1.70657531483838665E-4
9.80451127819551083E9	1.51255632581457133E-4
9.81954887218047290E9	1.34232950700981069E-4
9.83458646616543497E9	1.19275724855350007E-4
9.84962406015039704E9	1.06114551542456970E-4
9.86466165413536089E9	9.45176841664765988E-5
9.87969924812032296E9	8.42854103514661723E-5
9.89473684210528504E9	7.52453231212470453E-5
9.90977443609024711E9	6.72483351506468185E-5
9.92481203007521096E9	6.01653121986499961E-5
9.93984962406017303E9	5.38842236789151219E-5
9.95488721804513510E9	4.83077261075919573E-5
9.96992481203009717E9	4.33511096854530731E-5
9.98496240601505924E9	3.89405501518993891E-5
1.00000000000000000E10	3.50116177956417385E-5


