freq	Eq_Tx
4.00000000000000000E9	1.31462876743609369E-3
4.01503759398496296E9	1.33834635126230550E-3
4.03007518796992503E9	1.36298581294712573E-3
4.04511278195488622E9	1.38858390794375564E-3
4.06015037593985006E9	1.41517936050056825E-3
4.07518796992481214E9	1.44281297643325379E-3
4.09022556390977599E9	1.47152776359422677E-3
4.10526315789473806E9	1.50136906060569064E-3
4.12030075187969924E9	1.53238467446917515E-3
4.13533834586466220E9	1.56462502771730483E-3
4.15037593984962516E9	1.59814331582713587E-3
4.16541353383458635E9	1.63299567567770088E-3
4.18045112781955019E9	1.66924136589841998E-3
4.19548872180451315E9	1.70694296003011603E-3
4.21052631578947434E9	1.74616655349777572E-3
4.22556390977443730E9	1.78698198548209941E-3
4.24060150375940026E9	1.82946307687196441E-3
4.25563909774436233E9	1.87368788558278232E-3
4.27067669172932352E9	1.91973898064122905E-3
4.28571428571428648E9	1.96770373656013331E-3
4.30075187969925032E9	2.01767464966632160E-3
4.31578947368421151E9	2.06974967819260414E-3
4.33082706766917358E9	2.12403260811173800E-3
4.34586466165413743E9	2.18063344687161775E-3
4.36090225563909861E9	2.23966884739066696E-3
4.37593984962406246E9	2.30126256489216630E-3
4.39097744360902453E9	2.36554594939885776E-3
4.40601503759398661E9	2.43265847697639481E-3
4.42105263157894957E9	2.50274832310838979E-3
4.43609022556391164E9	2.57597298191078572E-3
4.45112781954887282E9	2.65249993525287753E-3
4.46616541353383667E9	2.73250737624812112E-3
4.48120300751879874E9	2.81618499201883798E-3
4.49624060150376170E9	2.90373481112135323E-3
4.51127819548872289E9	2.99537212155927346E-3
4.52631578947368673E9	3.09132646590742466E-3
4.54135338345864881E9	3.19184272072945641E-3
4.55639097744361088E9	3.29718226820766436E-3
4.57142857142857473E9	3.40762426871800450E-3
4.58646616541353591E9	3.52346704398810306E-3
4.60150375939849887E9	3.64502958148580403E-3
4.61654135338346094E9	3.77265317180627147E-3
4.63157894736842302E9	3.90670319207200922E-3
4.64661654135338598E9	4.04757104975721127E-3
4.66165413533834894E9	4.19567630289572868E-3
4.67669172932331101E9	4.35146897436613944E-3
4.69172932330827308E9	4.51543207988104811E-3
4.70676691729323515E9	4.68808439147002076E-3
4.72180451127819900E9	4.86998346066168253E-3
4.73684210526316107E9	5.06172892827424370E-3
4.75187969924812315E9	5.26396615074971930E-3
4.76691729323308522E9	5.47739017635694658E-3
4.78195488721804729E9	5.70275010838683460E-3
4.79699248120301025E9	5.94085389671798936E-3
4.81203007518797321E9	6.19257360391016665E-3
4.82706766917293528E9	6.45885119733499025E-3
4.84210526315789913E9	6.74070492486740225E-3
4.85714285714286031E9	7.03923633840782337E-3
4.87218045112782239E9	7.35563803708032982E-3
4.88721804511278446E9	7.69120221045375008E-3
4.90225563909774742E9	8.04733007168070813E-3
4.91729323308270949E9	8.42554228116222426E-3
4.93233082706767245E9	8.82749047336230852E-3
4.94736842105263541E9	9.25497001287687127E-3
4.96240601503759837E9	9.70993412095676689E-3
4.97744360902255956E9	1.01945095305874611E-2
4.99248120300752252E9	1.07110138471142835E-2
5.00751879699248548E9	1.12619748124804109E-2
5.02255639097744844E9	1.18501516946152230E-2
5.03759398496241051E9	1.24785590495699372E-2
5.05263157894737169E9	1.31504931328432195E-2
5.06766917293233465E9	1.38695612681289049E-2
5.08270676691729761E9	1.46397145165730125E-2
5.09774436090225969E9	1.54652840275875381E-2
5.11278195488722176E9	1.63510214932744846E-2
5.12781954887218472E9	1.73021441723184455E-2
5.14285714285714679E9	1.83243849953384874E-2
5.15789473684210797E9	1.94240483113718310E-2
5.17293233082707271E9	2.06080718830584386E-2
5.18796992481203478E9	2.18840957843839723E-2
5.20300751879699597E9	2.32605388966692628E-2
5.21804511278195982E9	2.47466837319919852E-2
5.23308270676692100E9	2.63527703328624430E-2
5.24812030075188574E9	2.80900999952389174E-2
5.26315789473684781E9	2.99711495285643359E-2
5.27819548872181077E9	3.20096966876587885E-2
5.29323308270677195E9	3.42209572686254848E-2
5.30827067669173402E9	3.66217341300965860E-2
5.32330827067669698E9	3.92305780504567991E-2
5.33834586466165906E9	4.20679598199630256E-2
5.35338345864662202E9	4.51564522411944047E-2
5.36842105263158498E9	4.85209197054382102E-2
5.38345864661654794E9	5.21887116432096043E-2
5.39849624060150823E9	5.61898543126370242E-2
5.41353383458647208E9	6.05572329684318689E-2
5.42857142857143327E9	6.53267533064579187E-2
5.44360902255639623E9	7.05374670496881517E-2
5.45864661654136007E9	7.62316414721387758E-2
5.47368421052632215E9	8.24547464059817692E-2
5.48872180451128422E9	8.92553247530364757E-2
5.50375939849624629E9	9.66847037424502886E-2
5.51879699248120925E9	1.04796494351614400E-1
5.53383458646617132E9	1.13645815960961660E-1
5.54887218045113428E9	1.23288173445261129E-1
5.56390977443609636E9	1.33777906190733953E-1
5.57894736842105932E9	1.45166125541475166E-1
5.59398496240602050E9	1.57498062581384857E-1
5.60902255639098435E9	1.70809766769917348E-1
5.62406015037594642E9	1.85124133554964021E-1
5.63909774436090849E9	2.00446301751183364E-1
5.65413533834587057E9	2.16758554141041060E-1
5.66917293233083353E9	2.34014978920508776E-1
5.68421052631579560E9	2.52136300076995656E-1
5.69924812030075856E9	2.71005446019074636E-1
5.71428571428572063E9	2.90464569030374653E-1
5.72932330827068359E9	3.10314311368934881E-1
5.74436090225564566E9	3.30316086956159527E-1
5.75939849624060862E9	3.50197964611597712E-1
5.77443609022556981E9	3.69664376469883038E-1
5.78947368421053188E9	3.88409353351460762E-1
5.80451127819549484E9	4.06132383007699893E-1
5.81954887218045780E9	4.22555423542250530E-1
5.83458646616542165E9	4.37439231038770782E-1
5.84962406015038372E9	4.50597100245892435E-1
5.86466165413534490E9	4.61904419075228923E-1
5.87969924812030786E9	4.71303050319454364E-1
5.89473684210527171E9	4.78800336603444343E-1
5.90977443609023290E9	4.84463293050185939E-1
5.92481203007519497E9	4.88409140308430967E-1
5.93984962406015704E9	4.90793639522904179E-1
5.95488721804512000E9	4.91798707527610723E-1
5.96992481203008207E9	4.91620574086894635E-1
5.98496240601504503E9	4.90459390811723228E-1
6.00000000000000711E9	4.88510813064411042E-1
6.01503759398496918E9	4.85959728170192484E-1
6.03007518796993214E9	4.82976038688626463E-1
6.04511278195489421E9	4.79712240631821363E-1
6.06015037593985717E9	4.76302454055343460E-1
6.07518796992481924E9	4.72862547105380138E-1
6.09022556390978131E9	4.69491021589988744E-1
6.10526315789474427E9	4.66270378391908125E-1
6.12030075187970724E9	4.63268739497403992E-1
6.13533834586466931E9	4.60541560267347805E-1
6.15037593984963138E9	4.58133315415482834E-1
6.16541353383459345E9	4.56079082771596322E-1
6.18045112781955819E9	4.54405980123503284E-1
6.19548872180452026E9	4.53134433204014897E-1
6.21052631578948144E9	4.52279268655679534E-1
6.22556390977444352E9	4.51850636095056846E-1
6.24060150375940559E9	4.51854769609334816E-1
6.25563909774436944E9	4.52294602331541018E-1
6.27067669172933329E9	4.53170249093177357E-1
6.28571428571429447E9	4.54479372257862746E-1
6.30075187969925654E9	4.56217445218829099E-1
6.31578947368421950E9	4.58377927068307134E-1
6.33082706766918157E9	4.60952360872917311E-1
6.34586466165414453E9	4.63930406985778898E-1
6.36090225563910838E9	4.67299822000180409E-1
6.37593984962406957E9	4.71046393363093419E-1
6.39097744360902986E9	4.75153839348515117E-1
6.40601503759399371E9	4.79603684043720602E-1
6.42105263157895667E9	4.84375117207985184E-1
6.43609022556391874E9	4.89444849285487571E-1
6.45112781954888170E9	4.94786972435024985E-1
6.46616541353384378E9	5.00372839101223477E-1
6.48120300751880585E9	5.06170970297983835E-1
6.49624060150376881E9	5.12147006286036266E-1
6.51127819548873088E9	5.18263712567802060E-1
6.52631578947369206E9	5.24481053944695397E-1
6.54135338345865591E9	5.30756348633808095E-1
6.55639097744361798E9	5.37044512977920441E-1
6.57142857142858094E9	5.43298404989520911E-1
6.58646616541354479E9	5.49469271772947288E-1
6.60150375939850598E9	5.55507301765636186E-1
6.61654135338346805E9	5.61362277810397536E-1
6.63157894736843012E9	5.66984321499016453E-1
6.64661654135339397E9	5.72324713302144605E-1
6.66165413533835515E9	5.77336767109407134E-1
6.67669172932331811E9	5.81976732412120157E-1
6.69172932330828019E9	5.86204692971022290E-1
6.70676691729324137E9	5.89985427911340121E-1
6.72180451127820788E9	5.93289200191486099E-1
6.73684210526316996E9	5.96092438577858985E-1
6.75187969924813114E9	5.98378282721008325E-1
6.76691729323309410E9	6.00136966545190909E-1
6.78195488721805440E9	6.01366022592836647E-1
6.79699248120301736E9	6.02070298672131710E-1
6.81203007518798120E9	6.02261787466687615E-1
6.82706766917294328E9	6.01959278943700049E-1
6.84210526315790624E9	6.01187853725393051E-1
6.85714285714286831E9	5.99978242453563215E-1
6.87218045112782949E9	5.98366081130389382E-1
6.88721804511279334E9	5.96391095217464606E-1
6.90225563909775452E9	5.94096245890400176E-1
6.91729323308271660E9	5.91526870446898911E-1
6.93233082706768045E9	5.88729845775903904E-1
6.94736842105264429E9	5.85752799440552607E-1
6.96240601503760548E9	5.82643387778656674E-1
6.97744360902256755E9	5.79448654942201280E-1
6.99248120300752873E9	5.76214481390454747E-1
7.00751879699249258E9	5.72985125348698787E-1
7.02255639097745465E9	5.69802856378906686E-1
7.03759398496241850E9	5.66707676619704159E-1
7.05263157894737880E9	5.63737122491955844E-1
7.06766917293234087E9	5.60926137716007212E-1
7.08270676691730472E9	5.58307007276703615E-1
7.09774436090226857E9	5.55909341399757473E-1
7.11278195488723064E9	5.53760098548147983E-1
7.12781954887219182E9	5.51883636787978382E-1
7.14285714285715478E9	5.50301783494665653E-1
7.15789473684211508E9	5.49033914172079562E-1
7.17293233082708070E9	5.48097032057134914E-1
7.18796992481204278E9	5.47505841118125502E-1
7.20300751879700396E9	5.47272805983332411E-1
7.21804511278196781E9	5.47408193233453044E-1
7.23308270676693077E9	5.47920089348760442E-1
7.24812030075189284E9	5.48814391426698389E-1
7.26315789473685403E9	5.50094767597375078E-1
7.27819548872181610E9	5.51762584893409258E-1
7.29323308270677995E9	5.53816803215578890E-1
7.30827067669174291E9	5.56253835023258780E-1
7.32330827067670498E9	5.59067371519008294E-1
7.33834586466166705E9	5.62248177442539276E-1
7.35338345864662823E9	5.65783858190821398E-1
7.36842105263159208E9	5.69658604881202457E-1
7.38345864661655327E9	5.73852925201832154E-1
7.39849624060151712E9	5.78343370453128092E-1
7.41353383458648274E9	5.83102272047092995E-1
7.42857142857144215E9	5.88097503821192635E-1
7.44360902255640422E9	5.93292289704990150E-1
7.45864661654136718E9	5.98645079341679409E-1
7.47368421052632925E9	6.04109516923712420E-1
7.48872180451129132E9	6.09634530379284367E-1
7.50375939849625251E9	6.15164568699748582E-1
7.51879699248121813E9	6.20640014133786888E-1
7.53383458646617754E9	6.25997792699482947E-1
7.54887218045114139E9	6.31172200551771745E-1
7.56390977443610346E9	6.36095954914686423E-1
7.57894736842106642E9	6.40701466521297647E-1
7.59398496240603027E9	6.44922316122462647E-1
7.60902255639099145E9	6.48694901372969035E-1
7.62406015037595353E9	6.51960203471757715E-1
7.63909774436091737E9	6.54665606914061904E-1
7.65413533834587678E9	6.56766692470180402E-1
7.66917293233084063E9	6.58228914948046651E-1
7.68421052631580359E9	6.59029075099769024E-1
7.69924812030076744E9	6.59156500323267469E-1
7.71428571428572951E9	6.58613861903717535E-1
7.72932330827068892E9	6.57417576768747214E-1
7.74436090225565277E9	6.55597767443157675E-1
7.75939849624061573E9	6.53197782611496880E-1
7.77443609022557958E9	6.50273309472947147E-1
7.78947368421054342E9	6.46891134888424624E-1
7.80451127819550283E9	6.43127632551254891E-1
7.81954887218046490E9	6.39067066193481548E-1
7.83458646616542875E9	6.34799803281438457E-1
7.84962406015038994E9	6.30420529878990532E-1
7.86466165413535556E9	6.26026546359006097E-1
7.87969924812031497E9	6.21716207013700739E-1
7.89473684210527882E9	6.17587546203377080E-1
7.90977443609024000E9	6.13737111264538893E-1
7.92481203007520207E9	6.10258999388532786E-1
7.93984962406016770E9	6.07244072946803914E-1
7.95488721804512711E9	6.04779305493145358E-1
7.96992481203009095E9	6.02947188462275818E-1
7.98496240601505480E9	6.01825105331360710E-1
8.00000000000001421E9	6.01484554114410486E-1
8.01503759398497984E9	6.01990068544154155E-1
8.03007518796993836E9	6.03397651058238260E-1
8.04511278195490220E9	6.05752484938691005E-1
8.06015037593986605E9	6.09085637912280742E-1
8.07518796992482990E9	6.13409406912456845E-1
8.09022556390979020E9	6.18710890108986966E-1
8.10526315789475049E9	6.24943323181818755E-1
8.12030075187971434E9	6.32014712668588441E-1
8.13533834586467819E9	6.39773394263718842E-1
8.15037593984964026E9	6.47990426130384467E-1
8.16541353383460411E9	6.56339325349144787E-1
8.18045112781956618E9	6.64374732141396329E-1
8.19548872180452825E9	6.71513294818171502E-1
8.21052631578949033E9	6.77022439607192794E-1
8.22556390977445417E9	6.80025417137425592E-1
8.24060150375941447E9	6.79533156187518106E-1
8.25563909774437654E9	6.74513192806691819E-1
8.27067669172933861E9	6.64000837409004774E-1
8.28571428571430069E9	6.47245964946542429E-1
8.30075187969926453E9	6.23871508390242990E-1
8.31578947368422838E9	5.94003216300336945E-1
8.33082706766918690E9	5.58325089187763446E-1
8.34586466165415253E9	5.18029827443604063E-1
8.36090225563911460E9	4.74666796278097802E-1
8.37593984962407845E9	4.29926410527304803E-1
8.39097744360904230E9	3.85419994316997627E-1
8.40601503759400259E9	3.42508391499522169E-1
8.42105263157896466E9	3.02207382384320278E-1
8.43609022556392674E9	2.65169115170234271E-1
8.45112781954888881E9	2.31719379533279435E-1
8.46616541353385266E9	2.01924567262315247E-1
8.48120300751881118E9	1.75666066443000068E-1
8.49624060150377503E9	1.52707803463183911E-1
8.51127819548873887E9	1.32750293724497315E-1
8.52631578947370272E9	1.15469936175117316E-1
8.54135338345866657E9	1.00545221225650394E-1
8.55639097744362687E9	8.76726450503963051E-2
8.57142857142858894E9	7.65751832982717140E-2
8.58646616541355101E9	6.70057477614774299E-2
8.60150375939851486E9	5.87474805602694161E-2
8.61654135338347693E9	5.16122068817491986E-2
8.63157894736843723E9	4.54379354437145366E-2
8.64661654135339930E9	4.00859750006061688E-2
8.66165413533836137E9	3.54380104711964394E-2
8.67669172932332700E9	3.13933319228181684E-2
8.69172932330828907E9	2.78663130825107608E-2
8.70676691729325114E9	2.47841765534719727E-2
8.72180451127821144E9	2.20850480478856159E-2
8.73684210526317884E9	1.97162829143233731E-2
8.75187969924813913E9	1.76330390643746471E-2
8.76691729323310298E9	1.57970671467474277E-2
8.78195488721806150E9	1.41756889437842681E-2
8.79699248120302535E9	1.27409368871116735E-2
8.81203007518798742E9	1.14688303383719159E-2
8.82706766917295127E9	1.03387672886165149E-2
8.84210526315791334E9	9.33301307762367749E-3
8.85714285714287541E9	8.43627045824149135E-3
8.87218045112783571E9	7.63531775947844960E-3
8.88721804511279956E9	6.91870401757415099E-3
8.90225563909776341E9	6.27649175810935933E-3
8.91729323308272548E9	5.70003965031248150E-3
8.93233082706768755E9	5.18181854894490534E-3
8.94736842105264962E9	4.71525552226161349E-3
8.96240601503761347E9	4.29460136759623978E-3
8.97744360902257554E9	3.91481786717218228E-3
8.99248120300753762E9	3.57148166042229320E-3
9.00751879699249969E9	3.26070212659267655E-3
9.02255639097745998E9	2.97905110069451595E-3
9.03759398496242383E9	2.72350260205753925E-3
9.05263157894738768E9	2.49138105044899971E-3
9.06766917293234975E9	2.28031669042196006E-3
9.08270676691731182E9	2.08820714892415671E-3
9.09774436090227567E9	1.91318422139131084E-3
9.11278195488723775E9	1.75358512347531859E-3
9.12781954887219982E9	1.60792756408232207E-3
9.14285714285716367E9	1.47488809452978753E-3
9.15789473684212396E9	1.35328327167610363E-3
9.17293233082708603E9	1.24205324255565541E-3
9.18796992481204988E9	1.14024741661168294E-3
9.20300751879701373E9	1.04701194091487437E-3
9.21804511278197403E9	9.61578735320196643E-4
9.23308270676693610E9	8.83255879618953621E-4
9.24812030075189817E9	8.11419174439781976E-4
9.26315789473686202E9	7.45504722816444598E-4
9.27819548872182409E9	6.85002400699050007E-4
9.29323308270678794E9	6.29450102845519943E-4
9.30827067669175179E9	5.78428665997427771E-4
9.32330827067671031E9	5.31557384442466230E-4
9.33834586466167416E9	4.88490044348471031E-4
9.35338345864663623E9	4.48911412919000252E-4
9.36842105263159830E9	4.12534126716657035E-4
9.38345864661656037E9	3.79095930637718403E-4
9.39849624060152244E9	3.48357225175963237E-4
9.41353383458648452E9	3.20098884933364047E-4
9.42857142857144837E9	2.94120315944907729E-4
9.44360902255641221E9	2.70237723389186835E-4
9.45864661654137606E9	2.48282564743513889E-4
9.47368421052633458E9	2.28100166486560019E-4
9.48872180451130021E9	2.09548485114757810E-4
9.50375939849626050E9	1.92496995573743357E-4
9.51879699248122435E9	1.76825692256756550E-4
9.53383458646618642E9	1.62424189525431961E-4
9.54887218045114672E9	1.49190910296237655E-4
9.56390977443611234E9	1.37032352634542987E-4
9.57894736842107264E9	1.25862425530726751E-4
9.59398496240603649E9	1.15601846118273022E-4
9.60902255639099678E9	1.06177591549341277E-4
9.62406015037595886E9	9.75223995834967283E-5
9.63909774436092448E9	8.95743126829266600E-5
9.65413533834588833E9	8.22762610540636885E-5
9.66917293233085040E9	7.55756806410417248E-5
9.68421052631581247E9	6.94241625700767973E-5
9.69924812030077454E9	6.37771309737339642E-5
9.71428571428573662E9	5.85935464975664466E-5
9.72932330827069691E9	5.38356331154733248E-5
9.74436090225566076E9	4.94686261603145816E-5
9.75939849624062283E9	4.54605397183702209E-5
9.77443609022558668E9	4.17819517450019795E-5
9.78947368421054875E9	3.84058054388005132E-5
9.80451127819551083E9	3.53072255665516721E-5
9.81954887218047290E9	3.24633485649808495E-5
9.83458646616543497E9	2.98531653605919489E-5
9.84962406015039704E9	2.74573759486715518E-5
9.86466165413536089E9	2.52582548590864953E-5
9.87969924812032296E9	2.32395267118927729E-5
9.89473684210528504E9	2.13862511317679305E-5
9.90977443609024711E9	1.96847163483737342E-5
9.92481203007521096E9	1.81223408612355197E-5
9.93984962406017303E9	1.66875825936416589E-5
9.95488721804513510E9	1.53698550013333435E-5
9.96992481203009717E9	1.41594496390961044E-5
9.98496240601505924E9	1.30474647223921059E-5
1.00000000000000000E10	1.20257392523887985E-5


