freq	Eq_Tx
2.00000000000000000E9	8.28334754402957429E-3
2.00300000000000011E9	8.31546989537148384E-3
2.00599999999999978E9	8.34765861050233049E-3
2.00899999999999990E9	8.37991407553349532E-3
2.01199999999999957E9	8.41223668177505424E-3
2.01499999999999968E9	8.44462682576057588E-3
2.01799999999999979E9	8.47708490924762081E-3
2.02099999999999991E9	8.50961133924425894E-3
2.02400000000000002E9	8.54220652800582414E-3
2.02700000000000014E9	8.57487089306002837E-3
2.03000000000000025E9	8.60760485721196389E-3
2.03300000000000036E9	8.64040884856107461E-3
2.03600000000000003E9	8.67328330051144647E-3
2.03900000000000015E9	8.70622865178664185E-3
2.04199999999999982E9	8.73924534644319806E-3
2.04499999999999993E9	8.77233383387983068E-3
2.04800000000000004E9	8.80549456885819559E-3
2.05099999999999971E9	8.83872801150763721E-3
2.05399999999999983E9	8.87203462734692572E-3
2.05699999999999994E9	8.90541488729342490E-3
2.06000000000000005E9	8.93886926767857481E-3
2.06300000000000017E9	8.97239825026391813E-3
2.06599999999999984E9	9.00600232224939390E-3
2.06899999999999995E9	9.03968197629822257E-3
2.07200000000000006E9	9.07343771054051551E-3
2.07500000000000018E9	9.10727002859704982E-3
2.07800000000000029E9	9.14117943958935442E-3
2.08099999999999996E9	9.17516645815696741E-3
2.08400000000000007E9	9.20923160447470401E-3
2.08699999999999974E9	9.24337540426357585E-3
2.08999999999999986E9	9.27759838881206278E-3
2.09299999999999997E9	9.31190109498940366E-3
2.09600000000000009E9	9.34628406526363875E-3
2.09900000000000020E9	9.38074784771765735E-3
2.10199999999999987E9	9.41529299606404813E-3
2.10499999999999998E9	9.44992006966888276E-3
2.10800000000000010E9	9.48462963356100275E-3
2.11099999999999977E9	9.51942225845526480E-3
2.11399999999999988E9	9.55429852076819586E-3
2.11699999999999999E9	9.58925900263797892E-3
2.12000000000000011E9	9.62430429194160908E-3
2.12300000000000022E9	9.65943498231279207E-3
2.12599999999999989E9	9.69465167316503340E-3
2.12900000000000000E9	9.72995496970563423E-3
2.13200000000000012E9	9.76534548296004346E-3
2.13500000000000023E9	9.80082382978971545E-3
2.13800000000000034E9	9.83639063291054505E-3
2.14100000000000001E9	9.87204652091941881E-3
2.14400000000000013E9	9.90779212830799061E-3
2.14699999999999980E9	9.94362809548824345E-3
2.14999999999999991E9	9.97955506881348420E-3
2.15300000000000002E9	1.00155737005999601E-2
2.15599999999999969E9	1.00516846491477452E-2
2.15899999999999981E9	1.00878885787653871E-2
2.16199999999999992E9	1.01241861597909910E-2
2.16500000000000004E9	1.01605780686183778E-2
2.16800000000000015E9	1.01970649877167130E-2
2.17100000000000026E9	1.02336476056577053E-2
2.17400000000000038E9	1.02703266171374596E-2
2.17700000000000005E9	1.03071027230040313E-2
2.18000000000000016E9	1.03439766302800340E-2
2.18300000000000027E9	1.03809490521888570E-2
2.18599999999999994E9	1.04180207081815901E-2
2.18900000000000006E9	1.04551923239619593E-2
2.19199999999999973E9	1.04924646315129166E-2
2.19499999999999984E9	1.05298383691248931E-2
2.19799999999999995E9	1.05673142814220888E-2
2.20099999999999962E9	1.06048931193912677E-2
2.20399999999999974E9	1.06425756404081429E-2
2.20699999999999985E9	1.06803626082706571E-2
2.20999999999999996E9	1.07182547932212713E-2
2.21300000000000008E9	1.07562529719822786E-2
2.21600000000000019E9	1.07943579277836665E-2
2.21900000000000031E9	1.08325704503932263E-2
2.22199999999999998E9	1.08708913361475457E-2
2.22500000000000009E9	1.09093213879851825E-2
2.22800000000000020E9	1.09478614154739229E-2
2.23099999999999987E9	1.09865122348513911E-2
2.23399999999999999E9	1.10252746690460901E-2
2.23699999999999966E9	1.10641495477224616E-2
2.23999999999999977E9	1.11031377073067272E-2
2.24299999999999988E9	1.11422399910227532E-2
2.24600000000000000E9	1.11814572489296515E-2
2.24900000000000011E9	1.12207903379536256E-2
2.25199999999999978E9	1.12602401219261106E-2
2.25499999999999989E9	1.12998074716150865E-2
2.25800000000000001E9	1.13394932647715629E-2
2.26100000000000012E9	1.13792983861541419E-2
2.26400000000000023E9	1.14192237275782116E-2
2.26699999999999990E9	1.14592701879460823E-2
2.27000000000000002E9	1.14994386732917242E-2
2.27300000000000013E9	1.15397300968147687E-2
2.27599999999999980E9	1.15801453789253461E-2
2.27899999999999991E9	1.16206854472809162E-2
2.28200000000000003E9	1.16613512368293604E-2
2.28500000000000014E9	1.17021436898495446E-2
2.28800000000000026E9	1.17430637559933349E-2
2.29099999999999993E9	1.17841123923302371E-2
2.29400000000000004E9	1.18252905633872984E-2
2.29699999999999971E9	1.18665992411961785E-2
2.29999999999999982E9	1.19080394053368721E-2
2.30299999999999994E9	1.19496120429814123E-2
2.30600000000000005E9	1.19913181489414589E-2
2.30900000000000016E9	1.20331587257120787E-2
2.31199999999999983E9	1.20751347835228873E-2
2.31499999999999995E9	1.21172473403812830E-2
2.31800000000000006E9	1.21594974221217256E-2
2.32100000000000017E9	1.22018860624573744E-2
2.32400000000000029E9	1.22444143030269448E-2
2.32699999999999996E9	1.22870831934434932E-2
2.33000000000000007E9	1.23298937913496820E-2
2.33300000000000018E9	1.23728471624649172E-2
2.33599999999999985E9	1.24159443806388925E-2
2.33899999999999997E9	1.24591865279068403E-2
2.34199999999999964E9	1.25025746945391791E-2
2.34499999999999975E9	1.25461099790974440E-2
2.34799999999999986E9	1.25897934884890583E-2
2.35099999999999998E9	1.26336263380233893E-2
2.35400000000000009E9	1.26776096514678960E-2
2.35700000000000021E9	1.27217445611045932E-2
2.36000000000000032E9	1.27660322077870081E-2
2.36300000000000043E9	1.28104737410008207E-2
2.36600000000000010E9	1.28550703189219107E-2
2.36900000000000022E9	1.28998231084758297E-2
2.37199999999999989E9	1.29447332853990371E-2
2.37500000000000000E9	1.29898020343000709E-2
2.37800000000000011E9	1.30350305487233431E-2
2.38099999999999978E9	1.30804200312095054E-2
2.38399999999999990E9	1.31259716933608228E-2
2.38699999999999957E9	1.31716867559061201E-2
2.38999999999999968E9	1.32175664487645395E-2
2.39299999999999979E9	1.32636120111146205E-2
2.39599999999999991E9	1.33098246914573637E-2
2.39900000000000002E9	1.33562057476877127E-2
2.40200000000000014E9	1.34027564471605709E-2
2.40500000000000025E9	1.34494780667627323E-2
2.40800000000000036E9	1.34963718929807830E-2
2.41100000000000003E9	1.35434392219736632E-2
2.41400000000000015E9	1.35906813596454601E-2
2.41699999999999982E9	1.36380996217164308E-2
2.41999999999999993E9	1.36856953337981935E-2
2.42300000000000004E9	1.37334698314678283E-2
2.42599999999999971E9	1.37814244603448532E-2
2.42899999999999983E9	1.38295605761656670E-2
2.43199999999999994E9	1.38778795448621928E-2
2.43500000000000005E9	1.39263827426403886E-2
2.43800000000000017E9	1.39750715560592820E-2
2.44099999999999984E9	1.40239473821102245E-2
2.44399999999999995E9	1.40730116283009066E-2
2.44700000000000006E9	1.41222657127343498E-2
2.45000000000000018E9	1.41717110641936417E-2
2.45300000000000029E9	1.42213491222258015E-2
2.45599999999999996E9	1.42711813372281315E-2
2.45900000000000007E9	1.43212091705313682E-2
2.46199999999999974E9	1.43714340944897589E-2
2.46499999999999986E9	1.44218575925679637E-2
2.46799999999999997E9	1.44724811594302771E-2
2.47100000000000009E9	1.45233063010303054E-2
2.47400000000000020E9	1.45743345347051800E-2
2.47699999999999987E9	1.46255673892626081E-2
2.47999999999999998E9	1.46770064050810145E-2
2.48300000000000010E9	1.47286531341960680E-2
2.48599999999999977E9	1.47805091404051736E-2
2.48899999999999988E9	1.48325759993575712E-2
2.49199999999999999E9	1.48848552986535454E-2
2.49500000000000011E9	1.49373486379464859E-2
2.49800000000000022E9	1.49900576290398035E-2
2.50099999999999989E9	1.50429838959876050E-2
2.50400000000000000E9	1.50961290752031463E-2
2.50700000000000012E9	1.51494948155526199E-2
2.51000000000000023E9	1.52030827784700473E-2
2.51300000000000034E9	1.52568946380564707E-2
2.51600000000000001E9	1.53109320811895544E-2
2.51900000000000013E9	1.53651968076338052E-2
2.52199999999999980E9	1.54196905301467235E-2
2.52499999999999991E9	1.54744149745919612E-2
2.52800000000000002E9	1.55293718800519209E-2
2.53099999999999969E9	1.55845629989403278E-2
2.53399999999999981E9	1.56399900971172268E-2
2.53699999999999992E9	1.56956549540054002E-2
2.54000000000000004E9	1.57515593627080319E-2
2.54300000000000015E9	1.58077051301267058E-2
2.54600000000000026E9	1.58640940770822469E-2
2.54900000000000038E9	1.59207280384353944E-2
2.55200000000000005E9	1.59776088632118718E-2
2.55500000000000016E9	1.60347384147244831E-2
2.55800000000000027E9	1.60921185706992365E-2
2.56100000000000039E9	1.61497512234034191E-2
2.56399999999999961E9	1.62076382797723362E-2
2.56699999999999973E9	1.62657816615420558E-2
2.56999999999999984E9	1.63241833053795360E-2
2.57299999999999995E9	1.63828451630126626E-2
2.57600000000000007E9	1.64417692013725203E-2
2.57899999999999974E9	1.65009574027194583E-2
2.58199999999999985E9	1.65604117647889093E-2
2.58499999999999996E9	1.66201343009268032E-2
2.58800000000000008E9	1.66801270402293600E-2
2.59100000000000019E9	1.67403920276879981E-2
2.59399999999999986E9	1.68009313243317759E-2
2.59699999999999998E9	1.68617470073729336E-2
2.60000000000000009E9	1.69228411703537640E-2
2.60300000000000020E9	1.69842159232959222E-2
2.60600000000000032E9	1.70458733928513650E-2
2.60899999999999954E9	1.71078157224532745E-2
2.61199999999999966E9	1.71700450724707299E-2
2.61499999999999977E9	1.72325636203646049E-2
2.61799999999999988E9	1.72953735608427195E-2
2.62100000000000000E9	1.73584771060246168E-2
2.62399999999999967E9	1.74218764855941211E-2
2.62699999999999978E9	1.74855739469693283E-2
2.62999999999999989E9	1.75495717554636443E-2
2.63300000000000001E9	1.76138721944531840E-2
2.63600000000000012E9	1.76784775655444193E-2
2.63899999999999979E9	1.77433901887461110E-2
2.64199999999999990E9	1.78086124026372294E-2
2.64500000000000002E9	1.78741465645481057E-2
2.64800000000000013E9	1.79399950507287231E-2
2.65100000000000025E9	1.80061602565314316E-2
2.65399999999999991E9	1.80726445965902349E-2
2.65700000000000003E9	1.81394505050013866E-2
2.66000000000000014E9	1.82065804355088479E-2
2.66300000000000026E9	1.82740368616892823E-2
2.66600000000000037E9	1.83418222771421280E-2
2.66899999999999959E9	1.84099391956780423E-2
2.67199999999999971E9	1.84783901515105042E-2
2.67499999999999982E9	1.85471776994554238E-2
2.67799999999999994E9	1.86163044151220070E-2
2.68100000000000005E9	1.86857728951143476E-2
2.68399999999999972E9	1.87555857572351159E-2
2.68699999999999983E9	1.88257456406848189E-2
2.68999999999999995E9	1.88962552062712175E-2
2.69300000000000006E9	1.89671171366137292E-2
2.69600000000000017E9	1.90383341363589187E-2
2.69899999999999984E9	1.91099089323907334E-2
2.70199999999999996E9	1.91818442740443773E-2
2.70500000000000007E9	1.92541429333265235E-2
2.70800000000000018E9	1.93268077051351317E-2
2.71100000000000030E9	1.93998414074811110E-2
2.71399999999999952E9	1.94732468817150584E-2
2.71699999999999964E9	1.95470269927539864E-2
2.71999999999999975E9	1.96211846293116166E-2
2.72299999999999986E9	1.96957227041325145E-2
2.72599999999999998E9	1.97706441542263911E-2
2.72900000000000009E9	1.98459519411070096E-2
2.73200000000000021E9	1.99216490510347044E-2
2.73500000000000032E9	1.99977384952565207E-2
2.73800000000000043E9	2.00742233102560697E-2
2.74100000000000055E9	2.01511065580015236E-2
2.74399999999999977E9	2.02283913261981407E-2
2.74699999999999989E9	2.03060807285422396E-2
2.75000000000000000E9	2.03841779049810112E-2
2.75300000000000011E9	2.04626860219722229E-2
2.75600000000000023E9	2.05416082727471760E-2
2.75899999999999945E9	2.06209478775791588E-2
2.76199999999999957E9	2.07007080840537050E-2
2.76499999999999968E9	2.07808921673391422E-2
2.76799999999999979E9	2.08615034304653602E-2
2.77099999999999991E9	2.09425452046005489E-2
2.77400000000000002E9	2.10240208493366332E-2
2.77700000000000014E9	2.11059337529717306E-2
2.78000000000000025E9	2.11882873328022914E-2
2.78300000000000036E9	2.12710850354116943E-2
2.78600000000000048E9	2.13543303369691273E-2
2.78899999999999970E9	2.14380267435280603E-2
2.79199999999999982E9	2.15221777913255963E-2
2.79499999999999993E9	2.16067870470937651E-2
2.79800000000000004E9	2.16918581083636042E-2
2.80100000000000016E9	2.17773946037819499E-2
2.80399999999999983E9	2.18634001934253597E-2
2.80699999999999994E9	2.19498785691223697E-2
2.81000000000000005E9	2.20368334547761258E-2
2.81300000000000017E9	2.21242686066931293E-2
2.81600000000000028E9	2.22121878139134843E-2
2.81899999999999995E9	2.23005948985473834E-2
2.82200000000000006E9	2.23894937161130425E-2
2.82500000000000018E9	2.24788881558815845E-2
2.82800000000000029E9	2.25687821412208800E-2
2.83100000000000041E9	2.26591796299507831E-2
2.83399999999999963E9	2.27500846146947877E-2
2.83699999999999974E9	2.28415011232422538E-2
2.83999999999999986E9	2.29334332189084167E-2
2.84299999999999997E9	2.30258850009048333E-2
2.84600000000000009E9	2.31188606047106937E-2
2.84899999999999975E9	2.32123642024492538E-2
2.85199999999999987E9	2.33064000032659324E-2
2.85499999999999998E9	2.34009722537182352E-2
2.85800000000000010E9	2.34960852381620500E-2
2.86100000000000021E9	2.35917432791443593E-2
2.86399999999999988E9	2.36879507378068332E-2
2.86699999999999999E9	2.37847120142858204E-2
2.87000000000000011E9	2.38820315481201817E-2
2.87300000000000022E9	2.39799138186659366E-2
2.87600000000000033E9	2.40783633455131074E-2
2.87900000000000000E9	2.41773846889092869E-2
2.88200000000000012E9	2.42769824501855158E-2
2.88500000000000023E9	2.43771612721909303E-2
2.88800000000000034E9	2.44779258397294930E-2
2.89100000000000046E9	2.45792808800024565E-2
2.89399999999999968E9	2.46812311630578085E-2
2.89699999999999980E9	2.47837815022429186E-2
2.89999999999999991E9	2.48869367546630915E-2
2.90300000000000002E9	2.49907018216468346E-2
2.90600000000000014E9	2.50950816492124851E-2
2.90899999999999981E9	2.52000812285484521E-2
2.91199999999999992E9	2.53057055964907684E-2
2.91500000000000004E9	2.54119598360093057E-2
2.91800000000000015E9	2.55188490767016241E-2
2.92100000000000026E9	2.56263784952906715E-2
2.92399999999999993E9	2.57345533161289630E-2
2.92700000000000005E9	2.58433788117086305E-2
2.93000000000000016E9	2.59528603031768279E-2
2.93300000000000027E9	2.60630031608601387E-2
2.93600000000000039E9	2.61738128047911278E-2
2.93899999999999961E9	2.62852947052439845E-2
2.94199999999999973E9	2.63974543832760578E-2
2.94499999999999984E9	2.65102974112739265E-2
2.94799999999999995E9	2.66238294135112596E-2
2.95100000000000007E9	2.67380560667062817E-2
2.95399999999999974E9	2.68529831005901798E-2
2.95699999999999985E9	2.69686162984837807E-2
2.95999999999999996E9	2.70849614978751374E-2
2.96300000000000008E9	2.72020245910120595E-2
2.96600000000000019E9	2.73198115254937512E-2
2.96899999999999986E9	2.74383283048761673E-2
2.97199999999999998E9	2.75575809892805657E-2
2.97500000000000009E9	2.76775756960115071E-2
2.97800000000000020E9	2.77983186001792459E-2
2.98100000000000032E9	2.79198159353360253E-2
2.98399999999999954E9	2.80420739941122843E-2
2.98699999999999966E9	2.81650991288654584E-2
2.98999999999999977E9	2.82888977523364460E-2
2.99299999999999988E9	2.84134763383114874E-2
2.99600000000000000E9	2.85388414222942410E-2
2.99899999999999967E9	2.86649996021852793E-2
3.00199999999999978E9	2.87919575389703919E-2
3.00499999999999989E9	2.89197219574155939E-2
3.00800000000000001E9	2.90482996467735077E-2
3.01100000000000012E9	2.91776974614949491E-2
3.01399999999999979E9	2.93079223219523755E-2
3.01699999999999990E9	2.94389812151685337E-2
3.02000000000000002E9	2.95708811955595152E-2
3.02300000000000013E9	2.97036293856801015E-2
3.02600000000000025E9	2.98372329769828593E-2
3.02899999999999991E9	2.99716992305866681E-2
3.03200000000000003E9	3.01070354780509231E-2
3.03500000000000014E9	3.02432491221639221E-2
3.03800000000000026E9	3.03803476377358894E-2
3.04100000000000037E9	3.05183385724077194E-2
3.04399999999999959E9	3.06572295474636336E-2
3.04699999999999971E9	3.07970282586578215E-2
3.04999999999999982E9	3.09377424770506559E-2
3.05299999999999994E9	3.10793800498527517E-2
3.05600000000000005E9	3.12219489012826656E-2
3.05899999999999972E9	3.13654570334336569E-2
3.06199999999999983E9	3.15099125271510783E-2
3.06499999999999995E9	3.16553235429202662E-2
3.06800000000000006E9	3.18016983217667182E-2
3.07100000000000017E9	3.19490451861665248E-2
3.07399999999999984E9	3.20973725409674859E-2
3.07699999999999996E9	3.22466888743240343E-2
3.08000000000000007E9	3.23970027586387133E-2
3.08300000000000018E9	3.25483228515236211E-2
3.08600000000000030E9	3.27006578967634720E-2
3.08899999999999952E9	3.28540167253005944E-2
3.09199999999999964E9	3.30084082562253567E-2
3.09499999999999975E9	3.31638414977801999E-2
3.09799999999999986E9	3.33203255483805894E-2
3.10099999999999998E9	3.34778695976410301E-2
3.10400000000000009E9	3.36364829274215715E-2
3.10700000000000021E9	3.37961749128823286E-2
3.11000000000000032E9	3.39569550235527018E-2
3.11300000000000043E9	3.41188328244148931E-2
3.11600000000000055E9	3.42818179769979858E-2
3.11899999999999977E9	3.44459202404915121E-2
3.12199999999999989E9	3.46111494728660229E-2
3.12500000000000000E9	3.47775156320121193E-2
3.12800000000000011E9	3.49450287768924017E-2
3.13100000000000023E9	3.51136990687090567E-2
3.13399999999999945E9	3.52835367720840010E-2
3.13699999999999957E9	3.54545522562546545E-2
3.13999999999999968E9	3.56267559962875158E-2
3.14299999999999979E9	3.58001585743004602E-2
3.14599999999999991E9	3.59747706807098755E-2
3.14900000000000002E9	3.61506031154826868E-2
3.15200000000000014E9	3.63276667894126959E-2
3.15500000000000025E9	3.65059727254112598E-2
3.15800000000000036E9	3.66855320598089074E-2
3.16100000000000048E9	3.68663560436800486E-2
3.16399999999999970E9	3.70484560441823829E-2
3.16699999999999982E9	3.72318435459118557E-2
3.16999999999999993E9	3.74165301522726912E-2
3.17300000000000004E9	3.76025275868736664E-2
3.17600000000000016E9	3.77898476949302697E-2
3.17899999999999983E9	3.79785024446934116E-2
3.18199999999999994E9	3.81685039288922878E-2
3.18500000000000005E9	3.83598643661962502E-2
3.18800000000000017E9	3.85525961026954356E-2
3.19100000000000028E9	3.87467116134008815E-2
3.19399999999999995E9	3.89422235037612419E-2
3.19700000000000006E9	3.91391445112022174E-2
3.20000000000000018E9	3.93374875066823781E-2
3.20300000000000029E9	3.95372654962704528E-2
3.20600000000000041E9	3.97384916227435436E-2
3.20899999999999963E9	3.99411791672016570E-2
3.21199999999999974E9	4.01453415507092704E-2
3.21499999999999986E9	4.03509923359501332E-2
3.21799999999999997E9	4.05581452289107602E-2
3.22100000000000009E9	4.07668140805786816E-2
3.22399999999999931E9	4.09770128886666818E-2
3.22699999999999942E9	4.11887557993585762E-2
3.22999999999999954E9	4.14020571090737999E-2
3.23299999999999965E9	4.16169312662597068E-2
3.23599999999999977E9	4.18333928732017846E-2
3.23899999999999988E9	4.20514566878605933E-2
3.24199999999999999E9	4.22711376257299776E-2
3.24500000000000011E9	4.24924507617202440E-2
3.24800000000000022E9	4.27154113320648587E-2
3.25100000000000033E9	4.29400347362505652E-2
3.25400000000000000E9	4.31663365389737219E-2
3.25700000000000012E9	4.33943324721218815E-2
3.26000000000000023E9	4.36240384367779210E-2
3.26300000000000034E9	4.38554705052526383E-2
3.26600000000000046E9	4.40886449231418442E-2
3.26899999999999968E9	4.43235781114113792E-2
3.27199999999999980E9	4.45602866685056664E-2
3.27499999999999991E9	4.47987873724852381E-2
3.27800000000000002E9	4.50390971831934106E-2
3.28100000000000014E9	4.52812332444465415E-2
3.28399999999999981E9	4.55252128862551331E-2
3.28699999999999992E9	4.57710536270714385E-2
3.29000000000000004E9	4.60187731760690344E-2
3.29300000000000015E9	4.62683894354464620E-2
3.29600000000000026E9	4.65199205027660501E-2
3.29899999999999949E9	4.67733846733164338E-2
3.30199999999999960E9	4.70288004425117911E-2
3.30499999999999972E9	4.72861865083152999E-2
3.30799999999999983E9	4.75455617736987524E-2
3.31099999999999994E9	4.78069453491297658E-2
3.31400000000000006E9	4.80703565550934986E-2
3.31700000000000017E9	4.83358149246447066E-2
3.32000000000000028E9	4.86033402059920761E-2
3.32300000000000040E9	4.88729523651186248E-2
3.32600000000000051E9	4.91446715884296559E-2
3.32899999999999974E9	4.94185182854421790E-2
3.33199999999999985E9	4.96945130915001432E-2
3.33499999999999996E9	4.99726768705305879E-2
3.33800000000000008E9	5.02530307178327362E-2
3.34100000000000019E9	5.05355959629016827E-2
3.34399999999999986E9	5.08203941722871999E-2
3.34699999999999998E9	5.11074471524943874E-2
3.35000000000000009E9	5.13967769529113294E-2
3.35300000000000020E9	5.16884058687831782E-2
3.35600000000000032E9	5.19823564442208408E-2
3.35899999999999954E9	5.22786514752431231E-2
3.36199999999999966E9	5.25773140128660721E-2
3.36499999999999977E9	5.28783673662222586E-2
3.36799999999999988E9	5.31818351057274441E-2
3.37100000000000000E9	5.34877410662805008E-2
3.37399999999999967E9	5.37961093505078392E-2
3.37699999999999978E9	5.41069643320483706E-2
3.37999999999999989E9	5.44203306588780045E-2
3.38300000000000001E9	5.47362332566762966E-2
3.38600000000000012E9	5.50546973322368771E-2
3.38900000000000023E9	5.53757483769191428E-2
3.39200000000000035E9	5.56994121701431055E-2
3.39500000000000046E9	5.60257147829313951E-2
3.39800000000000058E9	5.63546825814868235E-2
3.40100000000000069E9	5.66863422308264919E-2
3.40399999999999991E9	5.70207206984507220E-2
3.40700000000000003E9	5.73578452580645415E-2
3.41000000000000014E9	5.76977434933400612E-2
3.41300000000000026E9	5.80404433017322319E-2
3.41600000000000037E9	5.83859728983330761E-2
3.41899999999999959E9	5.87343608197814415E-2
3.42199999999999971E9	5.90856359282174992E-2
3.42499999999999982E9	5.94398274152846007E-2
3.42799999999999994E9	5.97969648061830927E-2
3.43100000000000005E9	6.01570779637740305E-2
3.43399999999999972E9	6.05201970927299016E-2
3.43699999999999983E9	6.08863527437393692E-2
3.43999999999999995E9	6.12555758177595244E-2
3.44300000000000006E9	6.16278975703272192E-2
3.44600000000000017E9	6.20033496159134945E-2
3.44899999999999940E9	6.23819639323358466E-2
3.45199999999999951E9	6.27637728652265547E-2
3.45499999999999963E9	6.31488091325453471E-2
3.45799999999999974E9	6.35371058291595237E-2
3.46099999999999985E9	6.39286964314642780E-2
3.46399999999999997E9	6.43236148020734433E-2
3.46700000000000008E9	6.47218951945530208E-2
3.47000000000000020E9	6.51235722582186405E-2
3.47300000000000031E9	6.55286810429874667E-2
3.47600000000000042E9	6.59372570042893358E-2
3.47900000000000009E9	6.63493360080303685E-2
3.48200000000000021E9	6.67649543356232655E-2
3.48500000000000032E9	6.71841486890682571E-2
3.48800000000000043E9	6.76069561960981424E-2
3.49100000000000055E9	6.80334144153826959E-2
3.49399999999999977E9	6.84635613417907773E-2
3.49699999999999989E9	6.88974354117146071E-2
3.50000000000000000E9	6.93350755084569137E-2
3.50300000000000011E9	6.97765209676756193E-2
3.50600000000000023E9	7.02218115828955192E-2
3.50899999999999945E9	7.06709876110762814E-2
3.51199999999999957E9	7.11240897782495907E-2
3.51499999999999968E9	7.15811592852144685E-2
3.51799999999999979E9	7.20422378132998098E-2
3.52099999999999991E9	7.25073675301877074E-2
3.52399999999999958E9	7.29765910958034603E-2
3.52699999999999969E9	7.34499516682708986E-2
3.52999999999999980E9	7.39274929099286382E-2
3.53299999999999992E9	7.44092589934178683E-2
3.53600000000000003E9	7.48952946078297188E-2
3.53900000000000015E9	7.53856449649220028E-2
3.54200000000000026E9	7.58803558054033545E-2
3.54500000000000037E9	7.63794734052796631E-2
3.54800000000000049E9	7.68830445822701325E-2
3.55100000000000060E9	7.73911167022927238E-2
3.55399999999999983E9	7.79037376860092046E-2
3.55699999999999994E9	7.84209560154458352E-2
3.56000000000000005E9	7.89428207406757565E-2
3.56300000000000017E9	7.94693814865727255E-2
3.56600000000000028E9	8.00006884596295009E-2
3.56899999999999995E9	8.05367924548461289E-2
3.57200000000000006E9	8.10777448626833674E-2
3.57500000000000018E9	8.16235976760887461E-2
3.57800000000000029E9	8.21744034975862547E-2
3.58100000000000041E9	8.27302155464307276E-2
3.58399999999999963E9	8.32910876658416655E-2
3.58699999999999974E9	8.38570743302889454E-2
3.58999999999999986E9	8.44282306528570814E-2
3.59299999999999997E9	8.50046123926748542E-2
3.59600000000000009E9	8.55862759624050184E-2
3.59899999999999931E9	8.61732784358075676E-2
3.60199999999999942E9	8.67656775553679438E-2
3.60499999999999954E9	8.73635317399885736E-2
3.60799999999999965E9	8.79669000927465383E-2
3.61099999999999977E9	8.85758424087155305E-2
3.61399999999999988E9	8.91904191828552939E-2
3.61699999999999999E9	8.98106916179602877E-2
3.62000000000000011E9	9.04367216326720325E-2
3.62300000000000022E9	9.10685718695573065E-2
3.62600000000000033E9	9.17063057032428119E-2
3.62900000000000000E9	9.23499872486132034E-2
3.63200000000000012E9	9.29996813690675594E-2
3.63500000000000023E9	9.36554536848347041E-2
3.63800000000000034E9	9.43173705813455143E-2
3.64100000000000046E9	9.49854992176621238E-2
3.64399999999999968E9	9.56599075349625139E-2
3.64699999999999980E9	9.63406642650744516E-2
3.64999999999999991E9	9.70278389390697704E-2
3.65300000000000002E9	9.77215018959010173E-2
3.65600000000000014E9	9.84217242910909818E-2
3.65899999999999981E9	9.91285781054713766E-2
3.66199999999999992E9	9.98421361539609542E-2
3.66500000000000004E9	1.00562472094394528E-1
3.66800000000000015E9	1.01289660436387763E-1
3.67100000000000026E9	1.02023776550243905E-1
3.67399999999999949E9	1.02764896675895034E-1
3.67699999999999960E9	1.03513097931882703E-1
3.67999999999999972E9	1.04268458324365798E-1
3.68299999999999983E9	1.05031056756161179E-1
3.68599999999999994E9	1.05800973035806556E-1
3.68900000000000006E9	1.06578287886651868E-1
3.69200000000000017E9	1.07363082955969769E-1
3.69500000000000028E9	1.08155440824079618E-1
3.69800000000000040E9	1.08955445013491814E-1
3.70100000000000051E9	1.09763179998053984E-1
3.70399999999999974E9	1.10578731212115899E-1
3.70699999999999985E9	1.11402185059680470E-1
3.70999999999999996E9	1.12233628923570117E-1
3.71300000000000008E9	1.13073151174572573E-1
3.71600000000000019E9	1.13920841180587473E-1
3.71899999999999986E9	1.14776789315751282E-1
3.72199999999999998E9	1.15641086969543538E-1
3.72500000000000009E9	1.16513826555870192E-1
3.72800000000000020E9	1.17395101522113499E-1
3.73100000000000032E9	1.18285006358146427E-1
3.73399999999999954E9	1.19183636605306686E-1
3.73699999999999966E9	1.20091088865319340E-1
3.73999999999999977E9	1.21007460809171485E-1
3.74299999999999988E9	1.21932851185915880E-1
3.74600000000000000E9	1.22867359831417855E-1
3.74899999999999967E9	1.23811087677017939E-1
3.75199999999999978E9	1.24764136758117861E-1
3.75499999999999989E9	1.25726610222675261E-1
3.75800000000000001E9	1.26698612339595451E-1
3.76100000000000012E9	1.27680248507025240E-1
3.76400000000000023E9	1.28671625260522271E-1
3.76700000000000035E9	1.29672850281108865E-1
3.77000000000000046E9	1.30684032403184491E-1
3.77300000000000058E9	1.31705281622299175E-1
3.77600000000000069E9	1.32736709102773776E-1
3.77899999999999991E9	1.33778427185150783E-1
3.78200000000000003E9	1.34830549393479560E-1
3.78500000000000014E9	1.35893190442408240E-1
3.78800000000000026E9	1.36966466244079488E-1
3.79100000000000037E9	1.38050493914818384E-1
3.79399999999999959E9	1.39145391781593286E-1
3.79699999999999971E9	1.40251279388248262E-1
3.79999999999999982E9	1.41368277501483552E-1
3.80299999999999994E9	1.42496508116568821E-1
3.80600000000000005E9	1.43636094462786357E-1
3.80899999999999972E9	1.44787161008579224E-1
3.81199999999999983E9	1.45949833466391343E-1
3.81499999999999995E9	1.47124238797184148E-1
3.81800000000000006E9	1.48310505214617816E-1
3.82100000000000017E9	1.49508762188866529E-1
3.82399999999999940E9	1.50719140450073930E-1
3.82699999999999951E9	1.51941771991396468E-1
3.82999999999999963E9	1.53176790071654079E-1
3.83299999999999974E9	1.54424329217541589E-1
3.83599999999999985E9	1.55684525225384940E-1
3.83899999999999997E9	1.56957515162440520E-1
3.84200000000000008E9	1.58243437367682671E-1
3.84500000000000020E9	1.59542431452095546E-1
3.84800000000000031E9	1.60854638298415709E-1
3.85100000000000042E9	1.62180200060317370E-1
3.85400000000000009E9	1.63519260161016655E-1
3.85700000000000021E9	1.64871963291262569E-1
3.86000000000000032E9	1.66238455406694996E-1
3.86300000000000043E9	1.67618883724538037E-1
3.86600000000000055E9	1.69013396719619546E-1
3.86899999999999977E9	1.70422144119654151E-1
3.87199999999999989E9	1.71845276899796495E-1
3.87500000000000000E9	1.73282947276416777E-1
3.87800000000000011E9	1.74735308700075165E-1
3.88100000000000023E9	1.76202515847654761E-1
3.88399999999999945E9	1.77684724613633538E-1
3.88699999999999957E9	1.79182092100458767E-1
3.88999999999999968E9	1.80694776607977348E-1
3.89299999999999979E9	1.82222937621913861E-1
3.89599999999999991E9	1.83766735801330605E-1
3.89899999999999958E9	1.85326332965060292E-1
3.90199999999999969E9	1.86901892077056475E-1
3.90499999999999980E9	1.88493577230622567E-1
3.90799999999999992E9	1.90101553631506381E-1
3.91100000000000003E9	1.91725987579775992E-1
3.91400000000000015E9	1.93367046450480595E-1
3.91700000000000026E9	1.95024898673022129E-1
3.92000000000000037E9	1.96699713709216084E-1
3.92300000000000049E9	1.98391662029977822E-1
3.92600000000000060E9	2.00100915090610565E-1
3.92899999999999983E9	2.01827645304632108E-1
3.93199999999999994E9	2.03572026016106600E-1
3.93500000000000005E9	2.05334231470417805E-1
3.93800000000000017E9	2.07114436783450584E-1
3.94100000000000028E9	2.08912817909131254E-1
3.94399999999999995E9	2.10729551605251597E-1
3.94700000000000006E9	2.12564815397563756E-1
3.95000000000000018E9	2.14418787542057299E-1
3.95300000000000029E9	2.16291646985394070E-1
3.95600000000000041E9	2.18183573323412805E-1
3.95899999999999963E9	2.20094746757696402E-1
3.96199999999999974E9	2.22025348050090621E-1
3.96499999999999986E9	2.23975558475164460E-1
3.96799999999999997E9	2.25945559770522575E-1
3.97100000000000009E9	2.27935534084930858E-1
3.97399999999999931E9	2.29945663924181565E-1
3.97699999999999942E9	2.31976132094653442E-1
3.97999999999999954E9	2.34027121644482872E-1
3.98299999999999965E9	2.36098815802323481E-1
3.98599999999999977E9	2.38191397913581415E-1
3.98899999999999988E9	2.40305051374109802E-1
3.99199999999999999E9	2.42439959561274510E-1
3.99500000000000011E9	2.44596305762334643E-1
3.99800000000000022E9	2.46774273100070030E-1
4.00100000000000033E9	2.48974044455603760E-1
4.00399999999999956E9	2.51195802388344980E-1
4.00699999999999967E9	2.53439729052985996E-1
4.00999999999999979E9	2.55706006113497164E-1
4.01299999999999990E9	2.57994814654056492E-1
4.01600000000000001E9	2.60306335086844021E-1
4.01900000000000013E9	2.62640747056635959E-1
4.02200000000000024E9	2.64998229342142277E-1
4.02500000000000036E9	2.67378959754023038E-1
4.02800000000000047E9	2.69783115029525611E-1
4.03100000000000058E9	2.72210870723661058E-1
4.03399999999999981E9	2.74662401096894060E-1
4.03699999999999992E9	2.77137878999250464E-1
4.04000000000000004E9	2.79637475750821984E-1
4.04300000000000015E9	2.82161361018573587E-1
4.04600000000000026E9	2.84709702689421595E-1
4.04899999999999949E9	2.87282666739533576E-1
4.05199999999999960E9	2.89880417099781296E-1
4.05499999999999972E9	2.92503115517309364E-1
4.05799999999999983E9	2.95150921413163658E-1
4.06099999999999994E9	2.97823991735950910E-1
4.06400000000000006E9	3.00522480811474590E-1
4.06700000000000017E9	3.03246540188307723E-1
4.07000000000000028E9	3.05996318479278795E-1
4.07300000000000040E9	3.08771961198828615E-1
4.07600000000000051E9	3.11573610596223860E-1
4.07899999999999974E9	3.14401405484576513E-1
4.08199999999999985E9	3.17255481065690015E-1
4.08499999999999996E9	3.20135968750680888E-1
4.08800000000000008E9	3.23042995976379599E-1
4.09100000000000019E9	3.25976686017522255E-1
4.09399999999999942E9	3.28937157794693302E-1
4.09699999999999953E9	3.31924525678093296E-1
4.09999999999999964E9	3.34938899287047764E-1
4.10299999999999976E9	3.37980383285401631E-1
4.10599999999999987E9	3.41049077172686443E-1
4.10899999999999999E9	3.44145075071222362E-1
4.11200000000000010E9	3.47268465509108948E-1
4.11500000000000021E9	3.50419331199199435E-1
4.11800000000000033E9	3.53597748814093826E-1
4.12100000000000044E9	3.56803788757243678E-1
4.12399999999999967E9	3.60037514930200242E-1
4.12699999999999978E9	3.63298984496142330E-1
4.12999999999999989E9	3.66588247639755327E-1
4.13300000000000001E9	3.69905347323555178E-1
4.13600000000000012E9	3.73250319040807543E-1
4.13900000000000023E9	3.76623190565120858E-1
4.14200000000000035E9	3.80023981696918023E-1
4.14500000000000046E9	3.83452704006876921E-1
4.14800000000000058E9	3.86909360576534356E-1
4.15100000000000069E9	3.90393945736228432E-1
4.15399999999999991E9	3.93906444800566868E-1
4.15700000000000003E9	3.97446833801608612E-1
4.16000000000000014E9	4.01015079219999571E-1
4.16300000000000026E9	4.04611137714287494E-1
4.16600000000000037E9	4.08234955848632453E-1
4.16899999999999959E9	4.11886469819222523E-1
4.17199999999999971E9	4.15565605179620956E-1
4.17499999999999982E9	4.19272276565372870E-1
4.17799999999999994E9	4.23006387418152396E-1
4.18100000000000005E9	4.26767829709775359E-1
4.18399999999999928E9	4.30556483666427958E-1
4.18699999999999939E9	4.34372217493453938E-1
4.18999999999999950E9	4.38214887101063333E-1
4.19299999999999962E9	4.42084335831368058E-1
4.19599999999999973E9	4.45980394187118190E-1
4.19899999999999984E9	4.49902879562597491E-1
4.20199999999999996E9	4.53851595977062860E-1
4.20500000000000007E9	4.57826333811219932E-1
4.20800000000000018E9	4.61826869547183883E-1
4.21100000000000030E9	4.65852965512394324E-1
4.21400000000000041E9	4.69904369628021268E-1
4.21700000000000053E9	4.73980815162338764E-1
4.22000000000000064E9	4.78082020489597870E-1
4.22300000000000075E9	4.82207688854971206E-1
4.22600000000000087E9	4.86357508146093931E-1
4.22900000000000009E9	4.90531150671779592E-1
4.23200000000000021E9	4.94728272948500614E-1
4.23500000000000032E9	4.98948515495229916E-1
4.23800000000000043E9	5.03191502637245591E-1
4.24100000000000055E9	5.07456842319477985E-1
4.24399999999999977E9	5.11744125930129190E-1
4.24699999999999989E9	5.16052928135061961E-1
4.25000000000000000E9	5.20382806723715863E-1
4.25300000000000011E9	5.24733302467112939E-1
4.25600000000000023E9	5.29103938988686462E-1
4.25899999999999945E9	5.33494222648506877E-1
4.26199999999999957E9	5.37903642441624275E-1
4.26499999999999968E9	5.42331669911142988E-1
4.26799999999999979E9	5.46777759076748104E-1
4.27099999999999991E9	5.51241346379233033E-1
4.27399999999999913E9	5.55721850641800597E-1
4.27699999999999925E9	5.60218673048684579E-1
4.27999999999999936E9	5.64731197141790631E-1
4.28299999999999947E9	5.69258788835928176E-1
4.28599999999999959E9	5.73800796453303530E-1
4.28899999999999970E9	5.78356550777821177E-1
4.29199999999999982E9	5.82925365129811723E-1
4.29499999999999993E9	5.87506535461708701E-1
4.29800000000000004E9	5.92099340475282698E-1
4.30100000000000016E9	5.96703041760865283E-1
4.30400000000000027E9	6.01316883959142601E-1
4.30700000000000038E9	6.05940094945905638E-1
4.31000000000000050E9	6.10571886040244127E-1
4.31300000000000061E9	6.15211452236575251E-1
4.31600000000000072E9	6.19857972460839690E-1
4.31899999999999995E9	6.24510609851248155E-1
4.32200000000000006E9	6.29168512063825602E-1
4.32500000000000018E9	6.33830811603008648E-1
4.32800000000000029E9	6.38496626177523030E-1
4.33100000000000041E9	6.43165059081634105E-1
4.33399999999999963E9	6.47835199601983103E-1
4.33699999999999974E9	6.52506123449933728E-1
4.33999999999999986E9	6.57176893219537384E-1
4.34299999999999997E9	6.61846558871030410E-1
4.34600000000000009E9	6.66514158239729593E-1
4.34899999999999931E9	6.71178717570197669E-1
4.35199999999999942E9	6.75839252075433716E-1
4.35499999999999954E9	6.80494766520804717E-1
4.35799999999999965E9	6.85144255832374061E-1
4.36099999999999977E9	6.89786705729215477E-1
4.36399999999999988E9	6.94421093379223464E-1
4.36699999999999999E9	6.99046388077915637E-1
4.37000000000000011E9	7.03661551949571695E-1
4.37300000000000022E9	7.08265540670107363E-1
4.37600000000000033E9	7.12857304210850629E-1
4.37899999999999956E9	7.17435787602556996E-1
4.38199999999999967E9	7.21999931718681509E-1
4.38499999999999979E9	7.26548674077036072E-1
4.38799999999999990E9	7.31080949658839074E-1
4.39100000000000001E9	7.35595691744132996E-1
4.39400000000000013E9	7.40091832762401935E-1
4.39700000000000024E9	7.44568305157283028E-1
4.40000000000000036E9	7.49024042264126955E-1
4.40300000000000047E9	7.53457979199137373E-1
4.40600000000000058E9	7.57869053758764100E-1
4.40899999999999981E9	7.62256207327972479E-1
4.41199999999999992E9	7.66618385795994861E-1
4.41500000000000004E9	7.70954540478094330E-1
4.41800000000000015E9	7.75263629041815694E-1
4.42100000000000026E9	7.79544616436254056E-1
4.42399999999999949E9	7.83796475822727157E-1
4.42699999999999960E9	7.88018189505286593E-1
4.42999999999999972E9	7.92208749859480665E-1
4.43299999999999983E9	7.96367160257687612E-1
4.43599999999999994E9	8.00492435989449191E-1
4.43900000000000006E9	8.04583605175090000E-1
4.44200000000000017E9	8.08639709671032847E-1
4.44500000000000028E9	8.12659805965118842E-1
4.44800000000000040E9	8.16642966060296693E-1
4.45100000000000051E9	8.20588278345078770E-1
4.45399999999999974E9	8.24494848449121065E-1
4.45699999999999985E9	8.28361800082311461E-1
4.45999999999999996E9	8.32188275855864390E-1
4.46300000000000008E9	8.35973438083830445E-1
4.46600000000000019E9	8.39716469563537515E-1
4.46899999999999942E9	8.43416574333495639E-1
4.47199999999999953E9	8.47072978407391020E-1
4.47499999999999964E9	8.50684930482724688E-1
4.47799999999999976E9	8.54251702622877218E-1
4.48099999999999987E9	8.57772590911275401E-1
4.48399999999999999E9	8.61246916076509450E-1
4.48700000000000010E9	8.64674024087262971E-1
4.49000000000000021E9	8.68053286715998418E-1
4.49300000000000033E9	8.71384102070426891E-1
4.49600000000000044E9	8.74665895091849421E-1
4.49899999999999967E9	8.77898118019507656E-1
4.50199999999999978E9	8.81080250820296840E-1
4.50499999999999989E9	8.84211801582997126E-1
4.50800000000000001E9	8.87292306876659786E-1
4.51100000000000012E9	8.90321332072472593E-1
4.51400000000000023E9	8.93298471628755131E-1
4.51700000000000035E9	8.96223349338831099E-1
4.52000000000000046E9	8.99095618541408470E-1
4.52300000000000058E9	9.01914962293432865E-1
4.52600000000000069E9	9.04681093505322131E-1
4.52899999999999991E9	9.07393755038556904E-1
4.53200000000000003E9	9.10052719765848295E-1
4.53500000000000014E9	9.12657790593983442E-1
4.53800000000000026E9	9.15208800449681803E-1
4.54100000000000037E9	9.17705612228820478E-1
4.54399999999999959E9	9.20148118709475149E-1
4.54699999999999971E9	9.22536242429275788E-1
4.54999999999999982E9	9.24869935527720521E-1
4.55299999999999994E9	9.27149179554069036E-1
4.55600000000000005E9	9.29373985241588940E-1
4.55899999999999928E9	9.31544392248950359E-1
4.56199999999999939E9	9.33660468869608984E-1
4.56499999999999950E9	9.35722311710156163E-1
4.56799999999999962E9	9.37730045338569340E-1
4.57099999999999973E9	9.39683821903424388E-1
4.57399999999999984E9	9.41583820725133869E-1
4.57699999999999996E9	9.43430247860343840E-1
4.58000000000000007E9	9.45223335640637252E-1
4.58300000000000018E9	9.46963342186777268E-1
4.58600000000000030E9	9.48650550899655087E-1
4.58900000000000041E9	9.50285269929285548E-1
4.59200000000000053E9	9.51867831623018112E-1
4.59500000000000064E9	9.53398591954372243E-1
4.59800000000000075E9	9.54877929933726044E-1
4.60100000000000087E9	9.56306247002219934E-1
4.60400000000000009E9	9.57683966410165688E-1
4.60700000000000021E9	9.59011532581358495E-1
4.61000000000000032E9	9.60289410464513793E-1
4.61300000000000043E9	9.61518084873264556E-1
4.61600000000000055E9	9.62698059815940610E-1
4.61899999999999977E9	9.63829857816502233E-1
4.62199999999999989E9	9.64914019227863307E-1
4.62500000000000000E9	9.65951101538890455E-1
4.62800000000000011E9	9.66941678676342242E-1
4.63100000000000023E9	9.67886340302943537E-1
4.63399999999999945E9	9.68785691112806369E-1
4.63699999999999957E9	9.69640350125364314E-1
4.63999999999999968E9	9.70450949978949140E-1
4.64299999999999979E9	9.71218136225132334E-1
4.64599999999999991E9	9.71942566624867688E-1
4.64899999999999913E9	9.72624910447493107E-1
4.65199999999999925E9	9.73265847773577697E-1
4.65499999999999936E9	9.73866068802557905E-1
4.65799999999999947E9	9.74426273166092649E-1
4.66099999999999959E9	9.74947169247997358E-1
4.66399999999999970E9	9.75429473511570144E-1
4.66699999999999982E9	9.75873909835169329E-1
4.66999999999999993E9	9.76281208856650196E-1
4.67300000000000004E9	9.76652107327520191E-1
4.67600000000000016E9	9.76987347477329848E-1
4.67900000000000027E9	9.77287676389014415E-1
4.68200000000000038E9	9.77553845385683751E-1
4.68500000000000050E9	9.77786609429428033E-1
4.68800000000000061E9	9.77986726532588513E-1
4.69100000000000072E9	9.78154957181978624E-1
4.69399999999999995E9	9.78292063776410004E-1
4.69700000000000006E9	9.78398810077894510E-1
4.70000000000000018E9	9.78475960676844636E-1
4.70300000000000029E9	9.78524280471560104E-1
4.70600000000000041E9	9.78544534162214674E-1
4.70899999999999963E9	9.78537485759551906E-1
4.71199999999999974E9	9.78503898108489167E-1
4.71499999999999986E9	9.78444532426697400E-1
4.71799999999999997E9	9.78360147858336049E-1
4.72100000000000009E9	9.78251501042908522E-1
4.72399999999999931E9	9.78119345699382059E-1
4.72699999999999942E9	9.77964432225481595E-1
4.72999999999999954E9	9.77787507312185511E-1
4.73299999999999965E9	9.77589313573363050E-1
4.73599999999999977E9	9.77370589190457473E-1
4.73899999999999988E9	9.77132067572129337E-1
4.74199999999999999E9	9.76874477028733779E-1
4.74500000000000011E9	9.76598540461487019E-1
4.74800000000000022E9	9.76304975066121195E-1
4.75100000000000033E9	9.75994492050904583E-1
4.75399999999999956E9	9.75667796368754381E-1
4.75699999999999967E9	9.75325586463265992E-1
4.75999999999999979E9	9.74968554028412626E-1
4.76299999999999990E9	9.74597383781652127E-1
4.76600000000000001E9	9.74212753250176888E-1
4.76900000000000013E9	9.73815332570070957E-1
4.77200000000000024E9	9.73405784298026333E-1
4.77500000000000036E9	9.72984763235374572E-1
4.77800000000000047E9	9.72552916264097966E-1
4.78100000000000058E9	9.72110882194559700E-1
4.78399999999999981E9	9.71659291624545851E-1
4.78699999999999992E9	9.71198766809394165E-1
4.79000000000000004E9	9.70729921542833729E-1
4.79300000000000015E9	9.70253361048195018E-1
4.79600000000000026E9	9.69769681879703782E-1
4.79899999999999949E9	9.69279471833465678E-1
4.80199999999999960E9	9.68783309867864162E-1
4.80499999999999972E9	9.68281766032988322E-1
4.80799999999999983E9	9.67775401408784752E-1
4.81099999999999994E9	9.67264768051576773E-1
4.81400000000000006E9	9.66750408948650630E-1
4.81700000000000017E9	9.66232857980513593E-1
4.82000000000000028E9	9.65712639890585223E-1
4.82300000000000040E9	9.65190270261899563E-1
4.82600000000000051E9	9.64666255500578096E-1
4.82899999999999974E9	9.64141092825688339E-1
4.83199999999999985E9	9.63615270265217028E-1
4.83499999999999996E9	9.63089266657843623E-1
4.83800000000000008E9	9.62563551660158545E-1
4.84100000000000019E9	9.62038585759115428E-1
4.84399999999999942E9	9.61514820289325023E-1
4.84699999999999953E9	9.60992697454982370E-1
4.84999999999999964E9	9.60472650356088842E-1
4.85299999999999976E9	9.59955103018705991E-1
4.85599999999999987E9	9.59440470429012215E-1
4.85899999999999999E9	9.58929158570794193E-1
4.86200000000000010E9	9.58421564466247489E-1
4.86500000000000021E9	9.57918076219706727E-1
4.86800000000000033E9	9.57419073064163939E-1
4.87100000000000044E9	9.56924925410249472E-1
4.87399999999999967E9	9.56435994897510788E-1
4.87699999999999978E9	9.55952634447706551E-1
4.87999999999999989E9	9.55475188319944557E-1
4.88300000000000001E9	9.55003992167414317E-1
4.88600000000000012E9	9.54539373095527921E-1
4.88900000000000023E9	9.54081649721235792E-1
4.89200000000000035E9	9.53631132233398304E-1
4.89500000000000046E9	9.53188122453921416E-1
4.89800000000000058E9	9.52752913899568554E-1
4.90100000000000069E9	9.52325791844195457E-1
4.90399999999999991E9	9.51907033381326251E-1
4.90700000000000003E9	9.51496907486807331E-1
4.91000000000000014E9	9.51095675081477054E-1
4.91300000000000026E9	9.50703589093617474E-1
4.91600000000000037E9	9.50320894521106219E-1
4.91899999999999959E9	9.49947828493106705E-1
4.92199999999999971E9	9.49584620331144080E-1
4.92499999999999982E9	9.49231491609449485E-1
4.92799999999999994E9	9.48888656214479198E-1
4.93100000000000005E9	9.48556320403444708E-1
4.93399999999999928E9	9.48234682861761158E-1
4.93699999999999939E9	9.47923934759312203E-1
4.93999999999999950E9	9.47624259805422042E-1
4.94299999999999962E9	9.47335834302425006E-1
4.94599999999999973E9	9.47058827197766107E-1
4.94899999999999984E9	9.46793400134508545E-1
4.95199999999999996E9	9.46539707500193828E-1
4.95500000000000007E9	9.46297896473954836E-1
4.95800000000000018E9	9.46068107071830511E-1
4.96100000000000030E9	9.45850472190147862E-1
4.96400000000000041E9	9.45645117647012690E-1
4.96700000000000053E9	9.45452162221713266E-1
4.97000000000000064E9	9.45271717692096658E-1
4.97300000000000075E9	9.45103888869772213E-1
4.97600000000000087E9	9.44948773633149841E-1
4.97900000000000009E9	9.44806462958211668E-1
4.98200000000000021E9	9.44677040947038726E-1
4.98500000000000032E9	9.44560584853973673E-1
4.98800000000000043E9	9.44457165109433738E-1
4.99100000000000055E9	9.44366845341339101E-1
4.99399999999999977E9	9.44289682394067853E-1
4.99699999999999989E9	9.44225726345002947E-1
5.00000000000000000E9	9.44175020518546404E-1
5.00300000000000011E9	9.44137601497656753E-1
5.00600000000000023E9	9.44113499132843614E-1
5.00899999999999945E9	9.44102736548617827E-1
5.01199999999999957E9	9.44105330147397481E-1
5.01499999999999968E9	9.44121289610842496E-1
5.01799999999999979E9	9.44150617898599265E-1
5.02099999999999991E9	9.44193311244503342E-1
5.02399999999999913E9	9.44249359150178336E-1
5.02699999999999925E9	9.44318744376073660E-1
5.02999999999999936E9	9.44401442929916257E-1
5.03299999999999947E9	9.44497424052646473E-1
5.03599999999999959E9	9.44606650201743925E-1
5.03899999999999970E9	9.44729077032082643E-1
5.04199999999999982E9	9.44864653374233932E-1
5.04499999999999993E9	9.45013321210280566E-1
5.04800000000000004E9	9.45175015647192396E-1
5.05100000000000016E9	9.45349664887729446E-1
5.05400000000000027E9	9.45537190198962207E-1
5.05700000000000038E9	9.45737505878411433E-1
5.06000000000000050E9	9.45950519217850605E-1
5.06300000000000061E9	9.46176130464835197E-1
5.06600000000000072E9	9.46414232781977738E-1
5.06899999999999995E9	9.46664712204027303E-1
5.07200000000000006E9	9.46927447592819505E-1
5.07500000000000018E9	9.47202310590131447E-1
5.07800000000000029E9	9.47489165568540770E-1
5.08100000000000041E9	9.47787869580307074E-1
5.08399999999999963E9	9.48098272304375911E-1
5.08699999999999974E9	9.48420215991601623E-1
5.08999999999999986E9	9.48753535408197202E-1
5.09299999999999997E9	9.49098057777580451E-1
5.09600000000000009E9	9.49453602720638479E-1
5.09899999999999931E9	9.49819982194548906E-1
5.10199999999999942E9	9.50197000430221550E-1
5.10499999999999954E9	9.50584453868496482E-1
5.10799999999999965E9	9.50982131095176442E-1
5.11099999999999977E9	9.51389812775041577E-1
5.11399999999999988E9	9.51807271584923242E-1
5.11699999999999999E9	9.52234272146014682E-1
5.12000000000000011E9	9.52670570955506513E-1
5.12299999999999933E9	9.53115916317696410E-1
5.12600000000000033E9	9.53570048274733573E-1
5.12899999999999956E9	9.54032698537129775E-1
5.13200000000000056E9	9.54503590414176273E-1
5.13499999999999979E9	9.54982438744484874E-1
5.13799999999999990E9	9.55468949826755320E-1
5.14100000000000001E9	9.55962821350984626E-1
5.14400000000000013E9	9.56463742330294764E-1
5.14700000000000024E9	9.56971393033548701E-1
5.15000000000000036E9	9.57485444918976114E-1
5.15299999999999958E9	9.58005560568995840E-1
5.15600000000000058E9	9.58531393626431516E-1
5.15899999999999981E9	9.59062588732383681E-1
5.16200000000000081E9	9.59598781465926187E-1
5.16500000000000004E9	9.60139598285877049E-1
5.16799999999999926E9	9.60684656474921006E-1
5.17100000000000026E9	9.61233564086253800E-1
5.17399999999999949E9	9.61785919893077335E-1
5.17700000000000049E9	9.62341313341147320E-1
5.17999999999999972E9	9.62899324504669174E-1
5.18299999999999983E9	9.63459524045820004E-1
5.18599999999999994E9	9.64021473178145349E-1
5.18900000000000006E9	9.64584723634179042E-1
5.19200000000000017E9	9.65148817637490986E-1
5.19500000000000028E9	9.65713287879563964E-1
5.19799999999999951E9	9.66277657501722942E-1
5.20100000000000051E9	9.66841440082497172E-1
5.20399999999999974E9	9.67404139630679616E-1
5.20700000000000074E9	9.67965250584445513E-1
5.20999999999999996E9	9.68524257816841860E-1
5.21299999999999919E9	9.69080636648008564E-1
5.21600000000000019E9	9.69633852864434509E-1
5.21899999999999942E9	9.70183362745625111E-1
5.22200000000000042E9	9.70728613098525628E-1
5.22499999999999964E9	9.71269041300021563E-1
5.22799999999999976E9	9.71804075347928986E-1
5.23099999999999987E9	9.72333133920780845E-1
5.23399999999999999E9	9.72855626446781940E-1
5.23700000000000010E9	9.73370953182314125E-1
5.24000000000000021E9	9.73878505300324626E-1
5.24299999999999944E9	9.74377664988982772E-1
5.24600000000000044E9	9.74867805560930734E-1
5.24899999999999967E9	9.75348291573531156E-1
5.25200000000000067E9	9.75818478960419533E-1
5.25499999999999989E9	9.76277715174746774E-1
5.25800000000000001E9	9.76725339344444343E-1
5.26100000000000012E9	9.77160682439850348E-1
5.26400000000000023E9	9.77583067454035515E-1
5.26700000000000035E9	9.77991809596136008E-1
5.27000000000000046E9	9.78386216498070382E-1
5.27299999999999969E9	9.78765588434845490E-1
5.27600000000000069E9	9.79129218558846226E-1
5.27899999999999991E9	9.79476393148341984E-1
5.28200000000000092E9	9.79806391870468296E-1
5.28500000000000014E9	9.80118488058977988E-1
5.28799999999999937E9	9.80411949006962580E-1
5.29100000000000037E9	9.80686036274782502E-1
5.29399999999999959E9	9.80940006013392107E-1
5.29700000000000060E9	9.81173109303253455E-1
5.29999999999999982E9	9.81384592508973874E-1
5.30299999999999905E9	9.81573697649825938E-1
5.30600000000000005E9	9.81739662786229061E-1
5.30899999999999928E9	9.81881722422296122E-1
5.31200000000000028E9	9.81999107924474401E-1
5.31499999999999950E9	9.82091047956327579E-1
5.31799999999999962E9	9.82156768929431223E-1
5.32099999999999973E9	9.82195495470327096E-1
5.32399999999999984E9	9.82206450903516526E-1
5.32699999999999996E9	9.82188857750298894E-1
5.33000000000000007E9	9.82141938243370127E-1
5.33300000000000018E9	9.82064914856973736E-1
5.33600000000000030E9	9.81957010852365997E-1
5.33900000000000041E9	9.81817450838344641E-1
5.34200000000000053E9	9.81645461346520065E-1
5.34500000000000064E9	9.81440271420985333E-1
5.34799999999999986E9	9.81201113221978005E-1
5.35100000000000087E9	9.80927222643116004E-1
5.35400000000000009E9	9.80617839941679570E-1
5.35700000000000109E9	9.80272210381454023E-1
5.36000000000000032E9	9.79889584887525444E-1
5.36299999999999955E9	9.79469220712402056E-1
5.36600000000000055E9	9.79010382112804933E-1
5.36899999999999977E9	9.78512341036409339E-1
5.37200000000000077E9	9.77974377817728424E-1
5.37500000000000000E9	9.77395781882387560E-1
5.37799999999999923E9	9.76775852458867000E-1
5.38100000000000023E9	9.76113899296856147E-1
5.38399999999999945E9	9.75409243391225900E-1
5.38700000000000045E9	9.74661217710649552E-1
5.38999999999999968E9	9.73869167929813173E-1
5.39299999999999891E9	9.73032453164153566E-1
5.39599999999999991E9	9.72150446705983562E-1
5.39899999999999913E9	9.71222536760835276E-1
5.40200000000000014E9	9.70248127182864728E-1
5.40499999999999936E9	9.69226638208036917E-1
5.40799999999999947E9	9.68157507183855159E-1
5.41099999999999959E9	9.67040189294332642E-1
5.41399999999999970E9	9.65874158278885098E-1
5.41699999999999982E9	9.64658907143806310E-1
5.41999999999999993E9	9.63393948864948335E-1
5.42300000000000004E9	9.62078817080232440E-1
5.42600000000000016E9	9.60713066770595958E-1
5.42900000000000027E9	9.59296274927959303E-1
5.43200000000000038E9	9.57828041208811598E-1
5.43500000000000050E9	9.56307988571984247E-1
5.43799999999999972E9	9.54735763899202183E-1
5.44100000000000072E9	9.53111038597032589E-1
5.44399999999999995E9	9.51433509178770365E-1
5.44700000000000095E9	9.49702897824961489E-1
5.45000000000000018E9	9.47918952921094693E-1
5.45299999999999940E9	9.46081449571241784E-1
5.45600000000000041E9	9.44190190086224845E-1
5.45899999999999963E9	9.42245004445097933E-1
5.46200000000000063E9	9.40245750728664831E-1
5.46499999999999986E9	9.38192315523863840E-1
5.46799999999999908E9	9.36084614297836026E-1
5.47100000000000009E9	9.33922591740574148E-1
5.47399999999999931E9	9.31706222075133716E-1
5.47700000000000031E9	9.29435509334379084E-1
5.47999999999999954E9	9.27110487603359168E-1
5.48299999999999965E9	9.24731221226442202E-1
5.48599999999999977E9	9.22297804978441427E-1
5.48899999999999988E9	9.19810364198980679E-1
5.49199999999999999E9	9.17269054889504076E-1
5.49500000000000011E9	9.14674063772335089E-1
5.49799999999999933E9	9.12025608311354041E-1
5.50100000000000033E9	9.09323936693858315E-1
5.50399999999999956E9	9.06569327773351752E-1
5.50700000000000056E9	9.03762090973027554E-1
5.50999999999999979E9	9.00902566149827422E-1
5.51299999999999990E9	8.97991123419078896E-1
5.51600000000000001E9	8.95028162939743943E-1
5.51900000000000013E9	8.92014114660462454E-1
5.52200000000000024E9	8.88949438026652672E-1
5.52500000000000036E9	8.85834621649011922E-1
5.52799999999999958E9	8.82670182933853908E-1
5.53100000000000058E9	8.79456667675853332E-1
5.53399999999999981E9	8.76194649613792720E-1
5.53700000000000081E9	8.72884729950052751E-1
5.54000000000000004E9	8.69527536834644543E-1
5.54299999999999926E9	8.66123724814692864E-1
5.54600000000000026E9	8.62673974250318842E-1
5.54899999999999949E9	8.59178990698011980E-1
5.55200000000000049E9	8.55639504262613571E-1
5.55499999999999972E9	8.52056268919085724E-1
5.55799999999999983E9	8.48430061805415647E-1
5.56099999999999994E9	8.44761682487919607E-1
5.56400000000000006E9	8.41051952200393949E-1
5.56700000000000017E9	8.37301713058560004E-1
5.57000000000000028E9	8.33511827251323822E-1
5.57299999999999951E9	8.29683176210385120E-1
5.57600000000000051E9	8.25816659759814442E-1
5.57899999999999974E9	8.21913195247234540E-1
5.58200000000000074E9	8.17973716658264571E-1
5.58499999999999996E9	8.13999173715915347E-1
5.58799999999999919E9	8.09990530966662980E-1
5.59100000000000019E9	8.05948766854933218E-1
5.59399999999999942E9	8.01874872787700887E-1
5.59700000000000042E9	7.97769852191001494E-1
5.59999999999999964E9	7.93634719560044744E-1
5.60299999999999976E9	7.89470499504700474E-1
5.60599999999999987E9	7.85278225792063012E-1
5.60899999999999999E9	7.81058940387817646E-1
5.61200000000000010E9	7.76813692498082542E-1
5.61500000000000021E9	7.72543537613389653E-1
5.61799999999999944E9	7.68249536556457713E-1
5.62100000000000044E9	7.63932754535297498E-1
5.62399999999999967E9	7.59594260203303584E-1
5.62700000000000067E9	7.55235124727730955E-1
5.62999999999999989E9	7.50856420868114771E-1
5.63300000000000001E9	7.46459222066027639E-1
5.63600000000000012E9	7.42044601547512173E-1
5.63900000000000023E9	7.37613631439544637E-1
5.64200000000000035E9	7.33167381901749327E-1
5.64500000000000046E9	7.28706920274567871E-1
5.64799999999999969E9	7.24233310245016959E-1
5.65100000000000069E9	7.19747611031094880E-1
5.65399999999999991E9	7.15250876585832351E-1
5.65700000000000092E9	7.10744154821938068E-1
5.66000000000000014E9	7.06228486857871118E-1
5.66299999999999937E9	7.01704906286184382E-1
5.66600000000000037E9	6.97174438464805757E-1
5.66899999999999959E9	6.92638099831977883E-1
5.67200000000000060E9	6.88096897245400996E-1
5.67499999999999982E9	6.83551827346117769E-1
5.67799999999999905E9	6.79003875947592395E-1
5.68100000000000005E9	6.74454017450367260E-1
5.68399999999999928E9	6.69903214282618542E-1
5.68700000000000028E9	6.65352416366864041E-1
5.68999999999999950E9	6.60802560613008794E-1
5.69299999999999962E9	6.56254570437874296E-1
5.69599999999999973E9	6.51709355311258953E-1
5.69899999999999984E9	6.47167810328555504E-1
5.70199999999999996E9	6.42630815809868583E-1
5.70500000000000007E9	6.38099236925549729E-1
5.70800000000000018E9	6.33573923347961099E-1
5.71100000000000030E9	6.29055708929315394E-1
5.71400000000000041E9	6.24545411405290718E-1
5.71700000000000053E9	6.20043832124171601E-1
5.72000000000000064E9	6.15551755801124756E-1
5.72299999999999986E9	6.11069950297303688E-1
5.72600000000000087E9	6.06599166423283975E-1
5.72900000000000009E9	6.02140137766454764E-1
5.73200000000000109E9	5.97693580541813230E-1
5.73500000000000032E9	5.93260193465717922E-1
5.73799999999999955E9	5.88840657652000221E-1
5.74100000000000055E9	5.84435636529908376E-1
5.74399999999999977E9	5.80045775783275275E-1
5.74700000000000077E9	5.75671703310311322E-1
5.75000000000000000E9	5.71314029203399887E-1
5.75299999999999923E9	5.66973345748229463E-1
5.75600000000000023E9	5.62650227441657869E-1
5.75899999999999945E9	5.58345231027585598E-1
5.76200000000000045E9	5.54058895550203623E-1
5.76499999999999968E9	5.49791742423935492E-1
5.76799999999999891E9	5.45544275519353405E-1
5.77099999999999991E9	5.41316981264432329E-1
5.77399999999999913E9	5.37110328760397682E-1
5.77700000000000014E9	5.32924769911532703E-1
5.77999999999999936E9	5.28760739568217897E-1
5.78299999999999947E9	5.24618655682530211E-1
5.78599999999999959E9	5.20498919475746824E-1
5.78899999999999970E9	5.16401915617061391E-1
5.79199999999999982E9	5.12328012412844291E-1
5.79499999999999993E9	5.08277562005821792E-1
5.79800000000000004E9	5.04250900583499284E-1
5.80100000000000016E9	5.00248348595229508E-1
5.80400000000000027E9	4.96270210977252901E-1
5.80700000000000038E9	4.92316777385192506E-1
5.81000000000000050E9	4.88388322433294331E-1
5.81299999999999972E9	4.84485105939938077E-1
5.81600000000000072E9	4.80607373178784858E-1
5.81899999999999995E9	4.76755355135046166E-1
5.82200000000000095E9	4.72929268766340893E-1
5.82500000000000018E9	4.69129317267593304E-1
5.82799999999999940E9	4.65355690339512673E-1
5.83100000000000041E9	4.61608564460140691E-1
5.83399999999999963E9	4.57888103159008608E-1
5.83700000000000063E9	4.54194457293461795E-1
5.83999999999999986E9	4.50527765326711460E-1
5.84299999999999908E9	4.46888153607191629E-1
5.84600000000000009E9	4.43275736648839480E-1
5.84899999999999931E9	4.39690617411910534E-1
5.85200000000000031E9	4.36132887583955053E-1
5.85499999999999954E9	4.32602627860622402E-1
5.85799999999999965E9	4.29099908225956916E-1
5.86099999999999977E9	4.25624788231874618E-1
5.86399999999999988E9	4.22177317276508557E-1
5.86699999999999999E9	4.18757534881171800E-1
5.87000000000000011E9	4.15365470965631545E-1
5.87299999999999933E9	4.12001146121481643E-1
5.87600000000000033E9	4.08664571883354277E-1
5.87899999999999956E9	4.05355750997750341E-1
5.88200000000000056E9	4.02074677689305471E-1
5.88499999999999979E9	3.98821337924267638E-1
5.88799999999999990E9	3.95595709671019025E-1
5.89100000000000001E9	3.92397763157493973E-1
5.89400000000000013E9	3.89227461125319030E-1
5.89700000000000024E9	3.86084759080528706E-1
5.90000000000000036E9	3.82969605540754543E-1
5.90299999999999958E9	3.79881942278752449E-1
5.90600000000000058E9	3.76821704562156023E-1
5.90899999999999981E9	3.73788821389387493E-1
5.91200000000000081E9	3.70783215721602444E-1
5.91500000000000004E9	3.67804804710626065E-1
5.91799999999999926E9	3.64853499922808044E-1
5.92100000000000026E9	3.61929207558724775E-1
5.92399999999999949E9	3.59031828668689368E-1
5.92700000000000049E9	3.56161259364039218E-1
5.92999999999999972E9	3.53317391024151295E-1
5.93299999999999983E9	3.50500110499183792E-1
5.93599999999999994E9	3.47709300308490787E-1
5.93900000000000006E9	3.44944838834745493E-1
5.94200000000000017E9	3.42206600513721870E-1
5.94500000000000028E9	3.39494456019772706E-1
5.94799999999999951E9	3.36808272446988166E-1
5.95100000000000051E9	3.34147913486058901E-1
5.95399999999999974E9	3.31513239596859410E-1
5.95700000000000074E9	3.28904108176766741E-1
5.95999999999999996E9	3.26320373724752200E-1
5.96299999999999919E9	3.23761888001273146E-1
5.96600000000000019E9	3.21228500183993892E-1
5.96899999999999942E9	3.18720057019381731E-1
5.97200000000000042E9	3.16236402970209518E-1
5.97499999999999964E9	3.13777380359027358E-1
5.97799999999999976E9	3.11342829507633256E-1
5.98099999999999987E9	3.08932588872595648E-1
5.98399999999999999E9	3.06546495176884282E-1
5.98700000000000010E9	3.04184383537668568E-1
5.99000000000000021E9	3.01846087590326340E-1
5.99299999999999944E9	2.99531439608732786E-1
5.99600000000000044E9	2.97240270621883518E-1
5.99899999999999967E9	2.94972410526907547E-1
6.00200000000000067E9	2.92727688198549174E-1
6.00499999999999989E9	2.90505931595163336E-1
6.00800000000000001E9	2.88306967861295993E-1
6.01100000000000012E9	2.86130623426916841E-1
6.01400000000000023E9	2.83976724103364120E-1
6.01700000000000035E9	2.81845095176073013E-1
6.02000000000000046E9	2.79735561494146800E-1
6.02299999999999969E9	2.77647947556842700E-1
6.02600000000000069E9	2.75582077597036523E-1
6.02899999999999991E9	2.73537775661734628E-1
6.03200000000000092E9	2.71514865689691964E-1
6.03500000000000014E9	2.69513171586211620E-1
6.03799999999999937E9	2.67532517295195493E-1
6.04100000000000037E9	2.65572726868487230E-1
6.04399999999999959E9	2.63633624532605149E-1
6.04700000000000060E9	2.61715034752909981E-1
6.04999999999999982E9	2.59816782295271587E-1
6.05299999999999905E9	2.57938692285306415E-1
6.05600000000000005E9	2.56080590265248187E-1
6.05899999999999928E9	2.54242302248504304E-1
6.06200000000000028E9	2.52423654771970707E-1
6.06499999999999950E9	2.50624474946161202E-1
6.06799999999999962E9	2.48844590503209773E-1
6.07099999999999973E9	2.47083829842806013E-1
6.07399999999999984E9	2.45342022076129096E-1
6.07699999999999996E9	2.43618997067824683E-1
6.08000000000000007E9	2.41914585476089083E-1
6.08300000000000018E9	2.40228618790918791E-1
6.08600000000000030E9	2.38560929370576869E-1
6.08900000000000041E9	2.36911350476320770E-1
6.09200000000000053E9	2.35279716305469222E-1
6.09500000000000064E9	2.33665862022826865E-1
6.09799999999999986E9	2.32069623790545698E-1
6.10100000000000087E9	2.30490838796458064E-1
6.10400000000000009E9	2.28929345280936136E-1
6.10700000000000109E9	2.27384982562317584E-1
6.11000000000000032E9	2.25857591060958551E-1
6.11299999999999955E9	2.24347012321941719E-1
6.11600000000000055E9	2.22853089036503116E-1
6.11899999999999977E9	2.21375665062205451E-1
6.12200000000000077E9	2.19914585441910049E-1
6.12500000000000000E9	2.18469696421585180E-1
6.12799999999999923E9	2.17040845466997911E-1
6.13100000000000023E9	2.15627881279315670E-1
6.13399999999999945E9	2.14230653809676186E-1
6.13700000000000045E9	2.12849014272743009E-1
6.13999999999999968E9	2.11482815159301429E-1
6.14299999999999891E9	2.10131910247920395E-1
6.14599999999999991E9	2.08796154615718033E-1
6.14899999999999913E9	2.07475404648264838E-1
6.15200000000000014E9	2.06169518048665568E-1
6.15499999999999936E9	2.04878353845835992E-1
6.15799999999999947E9	2.03601772402022885E-1
6.16099999999999959E9	2.02339635419591701E-1
6.16399999999999970E9	2.01091805947106916E-1
6.16699999999999982E9	1.99858148384745937E-1
6.16999999999999993E9	1.98638528489060340E-1
6.17300000000000004E9	1.97432813377130323E-1
6.17600000000000016E9	1.96240871530120087E-1
6.17900000000000027E9	1.95062572796274347E-1
6.18200000000000038E9	1.93897788393376969E-1
6.18500000000000050E9	1.92746390910695853E-1
6.18799999999999972E9	1.91608254310435466E-1
6.19100000000000072E9	1.90483253928729801E-1
6.19399999999999995E9	1.89371266476184985E-1
6.19700000000000095E9	1.88272170038010977E-1
6.20000000000000018E9	1.87185844073740792E-1
6.20299999999999940E9	1.86112169416584394E-1
6.20600000000000041E9	1.85051028272415152E-1
6.20899999999999963E9	1.84002304218420853E-1
6.21200000000000063E9	1.82965882201436481E-1
6.21499999999999986E9	1.81941648535974609E-1
6.21799999999999908E9	1.80929490901971080E-1
6.22100000000000009E9	1.79929298342270583E-1
6.22399999999999931E9	1.78940961259855835E-1
6.22700000000000031E9	1.77964371414854261E-1
6.22999999999999954E9	1.76999421921320121E-1
6.23299999999999965E9	1.76046007243819425E-1
6.23599999999999977E9	1.75104023193831626E-1
6.23899999999999988E9	1.74173366925977735E-1
6.24199999999999999E9	1.73253936934092079E-1
6.24500000000000011E9	1.72345633047151825E-1
6.24799999999999933E9	1.71448356425079229E-1
6.25100000000000033E9	1.70562009554423044E-1
6.25399999999999956E9	1.69686496243938589E-1
6.25700000000000056E9	1.68821721620080512E-1
6.25999999999999979E9	1.67967592122407527E-1
6.26299999999999990E9	1.67124015498926859E-1
6.26600000000000001E9	1.66290900801379982E-1
6.26900000000000013E9	1.65468158380480679E-1
6.27200000000000024E9	1.64655699881121187E-1
6.27500000000000036E9	1.63853438237553117E-1
6.27799999999999958E9	1.63061287668554122E-1
6.28100000000000058E9	1.62279163672589011E-1
6.28399999999999981E9	1.61506983022980322E-1
6.28700000000000081E9	1.60744663763087337E-1
6.29000000000000004E9	1.59992125201516044E-1
6.29299999999999926E9	1.59249287907355264E-1
6.29600000000000026E9	1.58516073705461213E-1
6.29899999999999949E9	1.57792405671786895E-1
6.30200000000000049E9	1.57078208128773178E-1
6.30499999999999972E9	1.56373406640803769E-1
6.30799999999999983E9	1.55677928009741895E-1
6.31099999999999994E9	1.54991700270540278E-1
6.31400000000000006E9	1.54314652686949705E-1
6.31700000000000017E9	1.53646715747321272E-1
6.32000000000000028E9	1.52987821160516946E-1
6.32299999999999951E9	1.52337901851931878E-1
6.32600000000000051E9	1.51696891959637181E-1
6.32899999999999974E9	1.51064726830650398E-1
6.33200000000000074E9	1.50441343017343132E-1
6.33499999999999996E9	1.49826678273985170E-1
6.33799999999999919E9	1.49220671553442807E-1
6.34100000000000019E9	1.48623263004029593E-1
6.34399999999999942E9	1.48034393966521360E-1
6.34700000000000042E9	1.47454006971338147E-1
6.34999999999999964E9	1.46882045735905775E-1
6.35299999999999976E9	1.46318455162197836E-1
6.35599999999999987E9	1.45763181334467617E-1
6.35899999999999999E9	1.45216171517177384E-1
6.36200000000000010E9	1.44677374153131644E-1
6.36500000000000021E9	1.44146738861816903E-1
6.36799999999999944E9	1.43624216437963481E-1
6.37100000000000044E9	1.43109758850325419E-1
6.37399999999999967E9	1.42603319240697890E-1
6.37700000000000067E9	1.42104851923164199E-1
6.37999999999999989E9	1.41614312383594121E-1
6.38300000000000001E9	1.41131657279390765E-1
6.38600000000000012E9	1.40656844439497952E-1
6.38900000000000023E9	1.40189832864669683E-1
6.39200000000000035E9	1.39730582728019836E-1
6.39500000000000046E9	1.39279055375849348E-1
6.39799999999999969E9	1.38835213328758833E-1
6.40100000000000069E9	1.38399020283066077E-1
6.40399999999999903E9	1.37970441112518327E-1
6.40700000000000092E9	1.37549441870325317E-1
6.40999999999999925E9	1.37135989791506741E-1
6.41299999999999937E9	1.36730053295574017E-1
6.41599999999999948E9	1.36331601989545037E-1
6.41899999999999959E9	1.35940606671308695E-1
6.42199999999999971E9	1.35557039333344331E-1
6.42499999999999982E9	1.35180873166805182E-1
6.42799999999999994E9	1.34812082565976743E-1
6.43100000000000005E9	1.34450643133119918E-1
6.43400000000000016E9	1.34096531683706277E-1
6.43700000000000028E9	1.33749726252060164E-1
6.44000000000000039E9	1.33410206097415807E-1
6.44299999999999962E9	1.33077951710396603E-1
6.44600000000000062E9	1.32752944819937713E-1
6.44899999999999984E9	1.32435168400652836E-1
6.45200000000000085E9	1.32124606680663437E-1
6.45500000000000007E9	1.31821245149901900E-1
6.45800000000000018E9	1.31525070568899038E-1
6.46100000000000030E9	1.31236070978072772E-1
6.46400000000000041E9	1.30954235707527955E-1
6.46700000000000053E9	1.30679555387383139E-1
6.47000000000000064E9	1.30412021958639213E-1
6.47299999999999898E9	1.30151628684604059E-1
6.47600000000000087E9	1.29898370162890275E-1
6.47899999999999920E9	1.29652242337997659E-1
6.48200000000000109E9	1.29413242514505233E-1
6.48499999999999943E9	1.29181369370880628E-1
6.48799999999999955E9	1.28956622973931201E-1
6.49099999999999966E9	1.28739004793914646E-1
6.49399999999999977E9	1.28528517720325208E-1
6.49699999999999989E9	1.28325166078376829E-1
6.50000000000000000E9	1.28128955646207277E-1
6.50300000000000011E9	1.27939893672819016E-1
6.50600000000000023E9	1.27757988896781738E-1
6.50900000000000034E9	1.27583251565720390E-1
6.51200000000000045E9	1.27415693456613122E-1
6.51500000000000057E9	1.27255327896918535E-1
6.51799999999999891E9	1.27102169786565611E-1
6.52100000000000080E9	1.26956235620828561E-1
6.52399999999999913E9	1.26817543514113251E-1
6.52700000000000102E9	1.26686113224688923E-1
6.52999999999999936E9	1.26561966180389573E-1
6.53299999999999947E9	1.26445125505320988E-1
6.53599999999999959E9	1.26335616047601507E-1
6.53899999999999970E9	1.26233464408174201E-1
6.54199999999999982E9	1.26138698970721608E-1
6.54499999999999993E9	1.26051349932722667E-1
6.54799999999999915E9	1.25971449337686181E-1
6.55100000000000016E9	1.25899031108605808E-1
6.55399999999999938E9	1.25834131082668632E-1
6.55700000000000038E9	1.25776787047269289E-1
6.55999999999999961E9	1.25727038777368372E-1
6.56299999999999972E9	1.25684928074241675E-1
6.56599999999999984E9	1.25650498805668698E-1
6.56899999999999995E9	1.25623796947614275E-1
6.57200000000000006E9	1.25604870627447296E-1
6.57500000000000018E9	1.25593770168757302E-1
6.57800000000000029E9	1.25590548137824087E-1
6.58100000000000041E9	1.25595259391796432E-1
6.58400000000000052E9	1.25607961128644230E-1
6.58700000000000063E9	1.25628712938947640E-1
6.59000000000000075E9	1.25657576859586562E-1
6.59299999999999908E9	1.25694617429402067E-1
6.59600000000000097E9	1.25739901746906613E-1
6.59899999999999931E9	1.25793499530107766E-1
6.60200000000000120E9	1.25855483178533034E-1
6.60499999999999954E9	1.25925927837536533E-1
6.60799999999999965E9	1.26004911464969527E-1
6.61099999999999977E9	1.26092514900306174E-1
6.61399999999999988E9	1.26188821936318196E-1
6.61699999999999999E9	1.26293919393396714E-1
6.62000000000000011E9	1.26407897196618468E-1
6.62299999999999933E9	1.26530848455667733E-1
6.62600000000000033E9	1.26662869547721191E-1
6.62899999999999956E9	1.26804060203412305E-1
6.63200000000000056E9	1.26954523595999280E-1
6.63499999999999979E9	1.27114366433853410E-1
6.63799999999999990E9	1.27283699056414767E-1
6.64100000000000001E9	1.27462635533737778E-1
6.64400000000000013E9	1.27651293769780860E-1
6.64700000000000024E9	1.27849795609588091E-1
6.65000000000000036E9	1.28058266950519051E-1
6.65300000000000047E9	1.28276837857694415E-1
6.65600000000000058E9	1.28505642683827626E-1
6.65900000000000070E9	1.28744820193624299E-1
6.66200000000000081E9	1.28994513692938284E-1
6.66500000000000092E9	1.29254871162882212E-1
6.66799999999999926E9	1.29526045399098844E-1
6.67100000000000115E9	1.29808194156411139E-1
6.67399999999999949E9	1.30101480299076777E-1
6.67700000000000138E9	1.30406071956887604E-1
6.67999999999999972E9	1.30722142687357756E-1
6.68299999999999983E9	1.31049871644269444E-1
6.68599999999999994E9	1.31389443752843338E-1
6.68900000000000006E9	1.31741049891821937E-1
6.69200000000000017E9	1.32104887082771127E-1
6.69500000000000028E9	1.32481158686907463E-1
6.69799999999999862E9	1.32870074609790256E-1
6.70100000000000051E9	1.33271851514218409E-1
6.70399999999999885E9	1.33686713041701255E-1
6.70700000000000074E9	1.34114890042882484E-1
6.70999999999999908E9	1.34556620817318784E-1
6.71299999999999919E9	1.35012151363034927E-1
6.71599999999999930E9	1.35481735636296508E-1
6.71899999999999942E9	1.35965635822063957E-1
6.72199999999999953E9	1.36464122615618888E-1
6.72499999999999964E9	1.36977475515868163E-1
6.72799999999999976E9	1.37505983130868947E-1
6.73099999999999987E9	1.38049943496141436E-1
6.73399999999999999E9	1.38609664406357513E-1
6.73700000000000010E9	1.39185463761036110E-1
6.74000000000000021E9	1.39777669924898218E-1
6.74299999999999944E9	1.40386622103573466E-1
6.74600000000000044E9	1.41012670735387369E-1
6.74899999999999967E9	1.41656177899988722E-1
6.75200000000000067E9	1.42317517744623290E-1
6.75499999999999989E9	1.42997076928902578E-1
6.75800000000000001E9	1.43695255088951601E-1
6.76100000000000012E9	1.44412465321877881E-1
6.76400000000000023E9	1.45149134691549420E-1
6.76700000000000035E9	1.45905704756709387E-1
6.77000000000000046E9	1.46682632122536849E-1
6.77299999999999880E9	1.47480389016789304E-1
6.77600000000000069E9	1.48299463891751881E-1
6.77899999999999903E9	1.49140362053260978E-1
6.78200000000000092E9	1.50003606318151528E-1
6.78499999999999925E9	1.50889737701548343E-1
6.78799999999999937E9	1.51799316135486517E-1
6.79099999999999948E9	1.52732921220438067E-1
6.79399999999999959E9	1.53691153011405013E-1
6.79699999999999971E9	1.54674632840315462E-1
6.79999999999999982E9	1.55684004176573954E-1
6.80299999999999994E9	1.56719933527694089E-1
6.80600000000000005E9	1.57783111382062735E-1
6.80900000000000016E9	1.58874253195982629E-1
6.81200000000000028E9	1.59994100427265162E-1
6.81500000000000039E9	1.61143421617758520E-1
6.81799999999999962E9	1.62323013527325344E-1
6.82100000000000062E9	1.63533702321923391E-1
6.82399999999999984E9	1.64776344818579190E-1
6.82700000000000085E9	1.66051829790187311E-1
6.83000000000000007E9	1.67361079333232721E-1
6.83300000000000018E9	1.68705050301689319E-1
6.83600000000000030E9	1.70084735810516108E-1
6.83900000000000041E9	1.71501166812355788E-1
6.84200000000000053E9	1.72955413751213483E-1
6.84500000000000064E9	1.74448588297099971E-1
6.84799999999999898E9	1.75981845165814255E-1
6.85100000000000087E9	1.77556384028243586E-1
6.85399999999999920E9	1.79173451513785675E-1
6.85700000000000109E9	1.80834343312710444E-1
6.85999999999999943E9	1.82540406382505815E-1
6.86299999999999955E9	1.84293041263487289E-1
6.86599999999999966E9	1.86093704509186830E-1
6.86899999999999977E9	1.87943911237282402E-1
6.87199999999999989E9	1.89845237807061618E-1
6.87500000000000000E9	1.91799324629671020E-1
6.87800000000000011E9	1.93807879117629600E-1
6.88100000000000023E9	1.95872678780330678E-1
6.88400000000000034E9	1.97995574472478264E-1
6.88700000000000045E9	2.00178493802630131E-1
6.89000000000000057E9	2.02423444709207212E-1
6.89299999999999891E9	2.04732519211517383E-1
6.89600000000000080E9	2.07107897343479275E-1
6.89899999999999913E9	2.09551851277859269E-1
6.90200000000000102E9	2.12066749648886965E-1
6.90499999999999936E9	2.14655062081120951E-1
6.90799999999999947E9	2.17319363932395948E-1
6.91099999999999959E9	2.20062341258502281E-1
6.91399999999999970E9	2.22886796007032473E-1
6.91699999999999982E9	2.25795651447430945E-1
6.91999999999999993E9	2.28791957843769467E-1
6.92299999999999915E9	2.31878898376068632E-1
6.92600000000000016E9	2.35059795315083386E-1
6.92899999999999938E9	2.38338116454286331E-1
6.93200000000000038E9	2.41717481801374268E-1
6.93499999999999961E9	2.45201670529770288E-1
6.93799999999999972E9	2.48794628188428035E-1
6.94099999999999984E9	2.52500474165544508E-1
6.94399999999999995E9	2.56323509398547777E-1
6.94700000000000006E9	2.60268224318823904E-1
6.95000000000000018E9	2.64339307015005298E-1
6.95300000000000029E9	2.68541651593075414E-1
6.95600000000000041E9	2.72880366704990340E-1
6.95900000000000052E9	2.77360784209709710E-1
6.96200000000000063E9	2.81988467921387320E-1
6.96500000000000075E9	2.86769222388678813E-1
6.96799999999999908E9	2.91709101636457646E-1
6.97100000000000097E9	2.96814417786469420E-1
6.97399999999999931E9	3.02091749456148495E-1
6.97700000000000120E9	3.07547949814665600E-1
6.97999999999999954E9	3.13190154151927524E-1
6.98299999999999965E9	3.19025786789012278E-1
6.98599999999999977E9	3.25062567127071977E-1
6.98899999999999988E9	3.31308514595385528E-1
6.99199999999999999E9	3.37771952217287286E-1
6.99500000000000011E9	3.44461508464416077E-1
6.99799999999999933E9	3.51386117014365862E-1
7.00100000000000033E9	3.58555013963354208E-1
7.00399999999999956E9	3.65977731973156395E-1
7.00700000000000056E9	3.73664090749086153E-1
7.00999999999999979E9	3.81624183152399388E-1
7.01299999999999990E9	3.89868356144873029E-1
7.01600000000000001E9	3.98407185644610884E-1
7.01900000000000013E9	4.07251444239171789E-1
7.02200000000000024E9	4.16412060554509900E-1
7.02500000000000036E9	4.25900068914781027E-1
7.02800000000000047E9	4.35726547749401139E-1
7.03100000000000058E9	4.45902545009685181E-1
7.03400000000000070E9	4.56438988649565047E-1
7.03700000000000081E9	4.67346580005487322E-1
7.04000000000000092E9	4.78635667683507116E-1
7.04299999999999926E9	4.90316099332555311E-1
7.04600000000000115E9	5.02397048460180784E-1
7.04899999999999949E9	5.14886813241958308E-1
7.05200000000000138E9	5.27792584103601214E-1
7.05499999999999972E9	5.41120176735523195E-1
7.05799999999999983E9	5.54873727158852059E-1
7.06099999999999994E9	5.69055345531795531E-1
7.06400000000000006E9	5.83664725606183321E-1
7.06700000000000017E9	5.98698707163373811E-1
7.07000000000000028E9	6.14150789434392941E-1
7.07299999999999862E9	6.30010594506178823E-1
7.07600000000000051E9	6.46263281108033993E-1
7.07899999999999885E9	6.62888911038619710E-1
7.08200000000000074E9	6.79861772913992635E-1
7.08499999999999908E9	6.97149670966996027E-1
7.08799999999999919E9	7.14713190368084916E-1
7.09099999999999930E9	7.32504955000904623E-1
7.09399999999999942E9	7.50468898801950068E-1
7.09699999999999953E9	7.68539577586920153E-1
7.09999999999999964E9	7.86641554573247337E-1
7.10299999999999976E9	8.04688899290889736E-1
7.10599999999999987E9	8.22584845838474443E-1
7.10899999999999999E9	8.40221661918535290E-1
7.11200000000000010E9	8.57480784046874156E-1
7.11500000000000021E9	8.74233275903243801E-1
7.11799999999999944E9	8.90340665000098497E-1
7.12100000000000044E9	9.05656206700233035E-1
7.12399999999999967E9	9.20026613218323952E-1
7.12700000000000067E9	9.33294267962997282E-1
7.12999999999999989E9	9.45299922227830791E-1
7.13300000000000001E9	9.55885842273837838E-1
7.13600000000000012E9	9.64899341514739284E-1
7.13900000000000023E9	9.72196596958121262E-1
7.14200000000000035E9	9.77646614260632418E-1
7.14500000000000046E9	9.81135175370442347E-1
7.14799999999999880E9	9.82568580691399340E-1
7.15100000000000069E9	9.81876987717605410E-1
7.15399999999999903E9	9.79017153027372977E-1
7.15700000000000092E9	9.73974405844370317E-1
7.15999999999999925E9	9.66763718661051641E-1
7.16299999999999937E9	9.57429791221711390E-1
7.16599999999999948E9	9.46046124141072298E-1
7.16899999999999959E9	9.32713121869729633E-1
7.17199999999999971E9	9.17555325289226786E-1
7.17499999999999982E9	9.00717925913921391E-1
7.17799999999999994E9	8.82362751654644306E-1
7.18100000000000005E9	8.62663935344274080E-1
7.18400000000000016E9	8.41803480861222653E-1
7.18700000000000028E9	8.19966928925865801E-1
7.19000000000000039E9	7.97339298407544028E-1
7.19299999999999962E9	7.74101443295945835E-1
7.19600000000000062E9	7.50426924820925212E-1
7.19899999999999984E9	7.26479456808847779E-1
7.20200000000000085E9	7.02410943816217159E-1
7.20500000000000007E9	6.78360098484623997E-1
7.20800000000000018E9	6.54451598451571659E-1
7.21100000000000030E9	6.30795724574859484E-1
7.21400000000000041E9	6.07488410916183330E-1
7.21700000000000053E9	5.84611632040072671E-1
7.22000000000000064E9	5.62234053537748224E-1
7.22299999999999898E9	5.40411875975301825E-1
7.22600000000000087E9	5.19189809421177184E-1
7.22899999999999920E9	4.98602124200470520E-1
7.23200000000000109E9	4.78673732628183668E-1
7.23499999999999943E9	4.59421265484561303E-1
7.23799999999999955E9	4.40854115420945458E-1
7.24099999999999966E9	4.22975427016361394E-1
7.24399999999999977E9	4.05783019686746371E-1
7.24699999999999989E9	3.89270235037419488E-1
7.25000000000000000E9	3.73426704582192315E-1
7.25300000000000011E9	3.58239037118343795E-1
7.25600000000000023E9	3.43691427561985163E-1
7.25900000000000034E9	3.29766190841785800E-1
7.26200000000000045E9	3.16444225647223387E-1
7.26500000000000057E9	3.03705413550128211E-1
7.26799999999999891E9	2.91528959370863250E-1
7.27100000000000080E9	2.79893678734415063E-1
7.27399999999999913E9	2.68778238633668787E-1
7.27700000000000102E9	2.58161356548729870E-1
7.27999999999999936E9	2.48021963311956473E-1
7.28299999999999947E9	2.38339334496380095E-1
7.28599999999999959E9	2.29093194669103184E-1
7.28899999999999970E9	2.20263798412002343E-1
7.29199999999999982E9	2.11831991584696544E-1
7.29499999999999993E9	2.03779255898825884E-1
7.29799999999999915E9	1.96087739494727464E-1
7.30100000000000016E9	1.88740275864841722E-1
7.30399999999999938E9	1.81720393153908288E-1
7.30700000000000038E9	1.75012315584166056E-1
7.30999999999999961E9	1.68600958503158949E-1
7.31299999999999972E9	1.62471918330466369E-1
7.31599999999999984E9	1.56611458485784505E-1
7.31899999999999995E9	1.51006492211567056E-1
7.32200000000000006E9	1.45644563056816567E-1
7.32500000000000018E9	1.40513823661922377E-1
7.32800000000000029E9	1.35603013375633297E-1
7.33100000000000041E9	1.30901435142047795E-1
7.33400000000000052E9	1.26398932016081234E-1
7.33700000000000063E9	1.22085863598369015E-1
7.34000000000000075E9	1.17953082623469263E-1
7.34299999999999908E9	1.13991911887072384E-1
7.34600000000000097E9	1.10194121657516431E-1
7.34899999999999931E9	1.06551907683101321E-1
7.35200000000000120E9	1.03057869878543085E-1
7.35499999999999954E9	9.97049917505927219E-2
7.35799999999999965E9	9.64866206036306906E-2
7.36099999999999977E9	9.33964485503184072E-2
7.36399999999999988E9	9.04284943395539642E-2
7.36699999999999999E9	8.75770860036824317E-2
7.37000000000000011E9	8.48368443186493693E-2
7.37299999999999933E9	8.22026670642718926E-2
7.37600000000000033E9	7.96697140667564252E-2
7.37899999999999956E9	7.72333930017494286E-2
7.38200000000000056E9	7.48893459333477285E-2
7.38499999999999979E9	7.26334365624834177E-2
7.38799999999999990E9	7.04617381567586154E-2
7.39100000000000001E9	6.83705221329976531E-2
7.39400000000000013E9	6.63562472634513334E-2
7.39700000000000024E9	6.44155494765852765E-2
7.40000000000000036E9	6.25452322236922154E-2
7.40300000000000047E9	6.07422573830700330E-2
7.40600000000000058E9	5.90037366742122771E-2
7.40900000000000070E9	5.73269235552624501E-2
7.41200000000000081E9	5.57092055778993256E-2
7.41500000000000092E9	5.41480971748052209E-2
7.41799999999999926E9	5.26412328558765719E-2
7.42100000000000115E9	5.11863607903883988E-2
7.42399999999999949E9	4.97813367533761220E-2
7.42700000000000138E9	4.84241184155341919E-2
7.42999999999999972E9	4.71127599569788558E-2
7.43299999999999983E9	4.58454069862178493E-2
7.43599999999999994E9	4.46202917466746385E-2
7.43900000000000006E9	4.34357285940405990E-2
7.44200000000000017E9	4.22901097286728156E-2
7.44500000000000028E9	4.11819011681219926E-2
7.44799999999999862E9	4.01096389457222724E-2
7.45100000000000051E9	3.90719255219862927E-2
7.45399999999999885E9	3.80674263963055637E-2
7.45700000000000074E9	3.70948669071966286E-2
7.45999999999999908E9	3.61530292100175732E-2
7.46299999999999919E9	3.52407494217366546E-2
7.46599999999999930E9	3.43569149229573645E-2
7.46899999999999942E9	3.35004618079847738E-2
7.47199999999999953E9	3.26703724742742629E-2
7.47499999999999964E9	3.18656733431195205E-2
7.47799999999999976E9	3.10854327039372258E-2
7.48099999999999987E9	3.03287586749530602E-2
7.48399999999999999E9	2.95947972735398501E-2
7.48700000000000010E9	2.88827305898624997E-2
7.49000000000000021E9	2.81917750578675808E-2
7.49299999999999944E9	2.75211798180178402E-2
7.49600000000000044E9	2.68702251665076997E-2
7.49899999999999967E9	2.62382210860184717E-2
7.50200000000000067E9	2.56245058533631642E-2
7.50499999999999989E9	2.50284447196594240E-2
7.50800000000000001E9	2.44494286589227050E-2
7.51100000000000012E9	2.38868731812263713E-2
7.51400000000000023E9	2.33402172068013058E-2
7.51700000000000035E9	2.28089219976639956E-2
7.52000000000000046E9	2.22924701435733574E-2
7.52299999999999880E9	2.17903645992936257E-2
7.52600000000000069E9	2.13021277703339074E-2
7.52899999999999903E9	2.08273006444928122E-2
7.53200000000000092E9	2.03654419666975262E-2
7.53499999999999925E9	1.99161274547763112E-2
7.53799999999999937E9	1.94789490539375554E-2
7.54099999999999948E9	1.90535142278630509E-2
7.54399999999999959E9	1.86394452844399439E-2
7.54699999999999971E9	1.82363787342779360E-2
7.54999999999999982E9	1.78439646802566432E-2
7.55299999999999994E9	1.74618662364560207E-2
7.55600000000000005E9	1.70897589749144707E-2
7.55900000000000016E9	1.67273303987475419E-2
7.56200000000000028E9	1.63742794402478076E-2
7.56500000000000039E9	1.60303159826569952E-2
7.56799999999999962E9	1.56951604043851800E-2
7.57100000000000062E9	1.53685431445128828E-2
7.57399999999999984E9	1.50502042884814058E-2
7.57700000000000085E9	1.47398931729363114E-2
7.58000000000000007E9	1.44373680087481748E-2
7.58300000000000018E9	1.41423955212860131E-2
7.58600000000000030E9	1.38547506070724680E-2
7.58900000000000041E9	1.35742160059969419E-2
7.59200000000000053E9	1.33005819883068699E-2
7.59500000000000064E9	1.30336460556411282E-2
7.59799999999999898E9	1.27732126554094294E-2
7.60100000000000087E9	1.25190929078575941E-2
7.60399999999999920E9	1.22711043451972790E-2
7.60700000000000109E9	1.20290706622078902E-2
7.60999999999999943E9	1.17928214777534723E-2
7.61299999999999955E9	1.15621921066856048E-2
7.61599999999999966E9	1.13370233416312716E-2
7.61899999999999977E9	1.11171612441904966E-2
7.62199999999999989E9	1.09024569450953690E-2
7.62500000000000000E9	1.06927664529031086E-2
7.62800000000000011E9	1.04879504708201887E-2
7.63100000000000023E9	1.02878742212729768E-2
7.63400000000000034E9	1.00924072778633933E-2
7.63700000000000045E9	9.90142340436324098E-3
7.64000000000000057E9	9.71480040042094295E-3
7.64299999999999891E9	9.53241995366961348E-3
7.64600000000000080E9	9.35416749794282154E-3
7.64899999999999913E9	9.17993207731660021E-3
7.65200000000000102E9	9.00960621571310583E-3
7.65499999999999936E9	8.84308579181260868E-3
7.65799999999999947E9	8.68026991903435530E-3
7.66099999999999959E9	8.52106083035779349E-3
7.66399999999999970E9	8.36536376776749258E-3
7.66699999999999982E9	8.21308687611571031E-3
7.66999999999999993E9	8.06414110120591765E-3
7.67299999999999915E9	7.91844009191156317E-3
7.67600000000000016E9	7.77590010615182869E-3
7.67899999999999938E9	7.63643992055581577E-3
7.68200000000000038E9	7.49998074365396672E-3
7.68499999999999961E9	7.36644613244450142E-3
7.68799999999999972E9	7.23576191218741904E-3
7.69099999999999984E9	7.10785609928902318E-3
7.69399999999999995E9	6.98265882714308006E-3
7.69700000000000006E9	6.86010227480338042E-3
7.70000000000000018E9	6.74012059836713284E-3
7.70300000000000029E9	6.62264986495478603E-3
7.70600000000000041E9	6.50762798917655783E-3
7.70900000000000052E9	6.39499467198218063E-3
7.71200000000000063E9	6.28469134179366229E-3
7.71500000000000075E9	6.17666109782674777E-3
7.71799999999999908E9	6.07084865551016151E-3
7.72100000000000097E9	5.96720029391656759E-3
7.72399999999999931E9	5.86566380512227781E-3
7.72700000000000120E9	5.76618844541768727E-3
7.72999999999999954E9	5.66872488829216259E-3
7.73299999999999965E9	5.57322517912236304E-3
7.73599999999999977E9	5.47964269149504091E-3
7.73899999999999988E9	5.38793208509840404E-3
7.74199999999999999E9	5.29804926511974017E-3
7.74500000000000011E9	5.20995134308921592E-3
7.74799999999999933E9	5.12359659911219012E-3
7.75100000000000033E9	5.03894444543558961E-3
7.75399999999999956E9	4.95595539129583251E-3
7.75700000000000056E9	4.87459100899787501E-3
7.75999999999999979E9	4.79481390117749129E-3
7.76299999999999990E9	4.71658766920101424E-3
7.76600000000000001E9	4.63987688265806408E-3
7.76900000000000013E9	4.56464704990585091E-3
7.77200000000000024E9	4.49086458962387169E-3
7.77500000000000036E9	4.41849680334114314E-3
7.77800000000000047E9	4.34751184889832487E-3
7.78100000000000058E9	4.27787871480984094E-3
7.78400000000000070E9	4.20956719549157832E-3
7.78700000000000081E9	4.14254786732186098E-3
7.79000000000000092E9	4.07679206550432305E-3
7.79299999999999926E9	4.01227186170295713E-3
7.79600000000000115E9	3.94896004242040721E-3
7.79899999999999949E9	3.88683008809216801E-3
7.80200000000000138E9	3.82585615287016134E-3
7.80499999999999972E9	3.76601304507054602E-3
7.80799999999999983E9	3.70727620826106907E-3
7.81099999999999994E9	3.64962170296535815E-3
7.81400000000000006E9	3.59302618896084347E-3
7.81700000000000017E9	3.53746690814961084E-3
7.82000000000000028E9	3.48292166798106617E-3
7.82299999999999862E9	3.42936882540692789E-3
7.82600000000000051E9	3.37678727134918955E-3
7.82899999999999885E9	3.32515641566307529E-3
7.83200000000000074E9	3.27445617257722343E-3
7.83499999999999908E9	3.22466694659430120E-3
7.83799999999999919E9	3.17576961883585307E-3
7.84099999999999930E9	3.12774553381573339E-3
7.84399999999999942E9	3.08057648662715877E-3
7.84699999999999953E9	3.03424471052909972E-3
7.84999999999999964E9	2.98873286491777845E-3
7.85299999999999976E9	2.94402402367049287E-3
7.85599999999999987E9	2.90010166384856705E-3
7.85899999999999999E9	2.85694965474709628E-3
7.86200000000000010E9	2.81455224727981257E-3
7.86500000000000021E9	2.77289406368760316E-3
7.86799999999999944E9	2.73196008755956177E-3
7.87100000000000044E9	2.69173565415614302E-3
7.87399999999999967E9	2.65220644102417369E-3
7.87700000000000067E9	2.61335845889391560E-3
7.87999999999999989E9	2.57517804284877450E-3
7.88300000000000001E9	2.53765184375850428E-3
7.88600000000000012E9	2.50076681996723060E-3
7.88900000000000023E9	2.46451022922776097E-3
7.89200000000000035E9	2.42886962087406921E-3
7.89500000000000046E9	2.39383282822431420E-3
7.89799999999999880E9	2.35938796120645522E-3
7.90100000000000069E9	2.32552339919957562E-3
7.90399999999999903E9	2.29222778408369088E-3
7.90700000000000092E9	2.25949001349124989E-3
7.90999999999999925E9	2.22729923425400855E-3
7.91299999999999937E9	2.19564483603878013E-3
7.91599999999999948E9	2.16451644516606212E-3
7.91899999999999959E9	2.13390391860574580E-3
7.92199999999999971E9	2.10379733814421543E-3
7.92499999999999982E9	2.07418700471737205E-3
7.92799999999999994E9	2.04506343290436465E-3
7.93100000000000005E9	2.01641734557691388E-3
7.93400000000000016E9	1.98823966869941104E-3
7.93700000000000028E9	1.96052152627496934E-3
7.94000000000000039E9	1.93325423543294361E-3
7.94299999999999962E9	1.90642930165345881E-3
7.94600000000000062E9	1.88003841412471218E-3
7.94899999999999984E9	1.85407344122898188E-3
7.95200000000000085E9	1.82852642615325678E-3
7.95500000000000007E9	1.80338958262084237E-3
7.95800000000000018E9	1.77865529074001882E-3
7.96100000000000030E9	1.75431609296637436E-3
7.96400000000000041E9	1.73036469017518901E-3
7.96700000000000053E9	1.70679393784065270E-3
7.97000000000000064E9	1.68359684231863427E-3
7.97299999999999898E9	1.66076655722987243E-3
7.97600000000000087E9	1.63829637994051591E-3
7.97899999999999920E9	1.61617974813731857E-3
7.98200000000000109E9	1.59441023649433156E-3
7.98499999999999943E9	1.57298155342864621E-3
7.98799999999999955E9	1.55188753794238998E-3
7.99099999999999966E9	1.53112215654850958E-3
7.99399999999999977E9	1.51067950027779196E-3
7.99699999999999989E9	1.49055378176480868E-3
8.00000000000000000E9	1.47073933241040899E-3


