freq	Eq_Tx
2.00000000000000000E9	1.16316295462213426E-2
2.00300000000000011E9	1.17041759197121298E-2
2.00599999999999978E9	1.17770874323085972E-2
2.00899999999999990E9	1.18503655673201647E-2
2.01199999999999957E9	1.19240118152400965E-2
2.01499999999999968E9	1.19980276738570502E-2
2.01799999999999979E9	1.20724146483339489E-2
2.02099999999999991E9	1.21471742513246905E-2
2.02400000000000002E9	1.22223080030499509E-2
2.02700000000000014E9	1.22978174314144439E-2
2.03000000000000025E9	1.23737040720970604E-2
2.03300000000000036E9	1.24499694686590279E-2
2.03600000000000003E9	1.25266151726438757E-2
2.03900000000000015E9	1.26036427436853171E-2
2.04199999999999982E9	1.26810537496142439E-2
2.04499999999999993E9	1.27588497665609735E-2
2.04800000000000004E9	1.28370323790752217E-2
2.05099999999999971E9	1.29156031802245663E-2
2.05399999999999983E9	1.29945637717184459E-2
2.05699999999999994E9	1.30739157640150760E-2
2.06000000000000005E9	1.31536607764394242E-2
2.06300000000000017E9	1.32338004373025875E-2
2.06599999999999984E9	1.33143363840114493E-2
2.06899999999999995E9	1.33952702632039844E-2
2.07200000000000006E9	1.34766037308544218E-2
2.07500000000000018E9	1.35583384524094752E-2
2.07800000000000029E9	1.36404761029054966E-2
2.08099999999999996E9	1.37230183670979966E-2
2.08400000000000007E9	1.38059669395916895E-2
2.08699999999999974E9	1.38893235249630953E-2
2.08999999999999986E9	1.39730898378994772E-2
2.09299999999999997E9	1.40572676033272792E-2
2.09600000000000009E9	1.41418585565488808E-2
2.09900000000000020E9	1.42268644433778180E-2
2.10199999999999987E9	1.43122870202731289E-2
2.10499999999999998E9	1.43981280544890833E-2
2.10800000000000010E9	1.44843893242035726E-2
2.11099999999999977E9	1.45710726186695205E-2
2.11399999999999988E9	1.46581797383558166E-2
2.11699999999999999E9	1.47457124950960194E-2
2.12000000000000011E9	1.48336727122344048E-2
2.12300000000000022E9	1.49220622247740820E-2
2.12599999999999989E9	1.50108828795346505E-2
2.12900000000000000E9	1.51001365352970085E-2
2.13200000000000012E9	1.51898250629653919E-2
2.13500000000000023E9	1.52799503457209651E-2
2.13800000000000034E9	1.53705142791773541E-2
2.14100000000000001E9	1.54615187715500091E-2
2.14400000000000013E9	1.55529657438074187E-2
2.14699999999999980E9	1.56448571298416184E-2
2.14999999999999991E9	1.57371948766329317E-2
2.15300000000000002E9	1.58299809444172501E-2
2.15599999999999969E9	1.59232173068531746E-2
2.15899999999999981E9	1.60169059511965761E-2
2.16199999999999992E9	1.61110488784708550E-2
2.16500000000000004E9	1.62056481036463573E-2
2.16800000000000015E9	1.63007056558111540E-2
2.17100000000000026E9	1.63962235783545718E-2
2.17400000000000038E9	1.64922039291442379E-2
2.17700000000000005E9	1.65886487807128891E-2
2.18000000000000016E9	1.66855602204392106E-2
2.18300000000000027E9	1.67829403507350916E-2
2.18599999999999994E9	1.68807912892360856E-2
2.18900000000000006E9	1.69791151689895115E-2
2.19199999999999973E9	1.70779141386466282E-2
2.19499999999999984E9	1.71771903626590228E-2
2.19799999999999995E9	1.72769460214728499E-2
2.20099999999999962E9	1.73771833117289320E-2
2.20399999999999974E9	1.74779044464597155E-2
2.20699999999999985E9	1.75791116552992510E-2
2.20999999999999996E9	1.76808071846764037E-2
2.21300000000000008E9	1.77829932980305694E-2
2.21600000000000019E9	1.78856722760169085E-2
2.21900000000000031E9	1.79888464167162776E-2
2.22199999999999998E9	1.80925180358479132E-2
2.22500000000000009E9	1.81966894669874901E-2
2.22800000000000020E9	1.83013630617764433E-2
2.23099999999999987E9	1.84065411901545728E-2
2.23399999999999999E9	1.85122262405620019E-2
2.23699999999999966E9	1.86184206201823121E-2
2.23999999999999977E9	1.87251267551544065E-2
2.24299999999999988E9	1.88323470908035651E-2
2.24600000000000000E9	1.89400840918758195E-2
2.24900000000000011E9	1.90483402427644744E-2
2.25199999999999978E9	1.91571180477487113E-2
2.25499999999999989E9	1.92664200312215161E-2
2.25800000000000001E9	1.93762487379453718E-2
2.26100000000000012E9	1.94866067332714277E-2
2.26400000000000023E9	1.95974966034024733E-2
2.26699999999999990E9	1.97089209556245559E-2
2.27000000000000002E9	1.98208824185649268E-2
2.27300000000000013E9	1.99333836424330890E-2
2.27599999999999980E9	2.00464272992818726E-2
2.27899999999999991E9	2.01600160832558739E-2
2.28200000000000003E9	2.02741527108523201E-2
2.28500000000000014E9	2.03888399211790450E-2
2.28800000000000026E9	2.05040804762159112E-2
2.29099999999999993E9	2.06198771610828491E-2
2.29400000000000004E9	2.07362327843006522E-2
2.29699999999999971E9	2.08531501780655182E-2
2.29999999999999982E9	2.09706321985198585E-2
2.30299999999999994E9	2.10886817260234638E-2
2.30600000000000005E9	2.12073016654341107E-2
2.30900000000000016E9	2.13264949463817421E-2
2.31199999999999983E9	2.14462645235578675E-2
2.31499999999999995E9	2.15666133769921009E-2
2.31800000000000006E9	2.16875445123408728E-2
2.32100000000000017E9	2.18090609611818076E-2
2.32400000000000029E9	2.19311657813008587E-2
2.32699999999999996E9	2.20538620569848520E-2
2.33000000000000007E9	2.21771528993263978E-2
2.33300000000000018E9	2.23010414465160434E-2
2.33599999999999985E9	2.24255308641476425E-2
2.33899999999999997E9	2.25506243455276945E-2
2.34199999999999964E9	2.26763251119764231E-2
2.34499999999999975E9	2.28026364131419568E-2
2.34799999999999986E9	2.29295615273129627E-2
2.35099999999999998E9	2.30571037617363217E-2
2.35400000000000009E9	2.31852664529354691E-2
2.35700000000000021E9	2.33140529670312269E-2
2.36000000000000032E9	2.34434667000652963E-2
2.36300000000000043E9	2.35735110783314594E-2
2.36600000000000010E9	2.37041895587039875E-2
2.36900000000000022E9	2.38355056289699263E-2
2.37199999999999989E9	2.39674628081664798E-2
2.37500000000000000E9	2.41000646469191881E-2
2.37800000000000011E9	2.42333147277874161E-2
2.38099999999999978E9	2.43672166656043077E-2
2.38399999999999990E9	2.45017741078279894E-2
2.38699999999999957E9	2.46369907348932893E-2
2.38999999999999968E9	2.47728702605628248E-2
2.39299999999999979E9	2.49094164322902589E-2
2.39599999999999991E9	2.50466330315727692E-2
2.39900000000000002E9	2.51845238743219824E-2
2.40200000000000014E9	2.53230928112255738E-2
2.40500000000000025E9	2.54623437281216436E-2
2.40800000000000036E9	2.56022805463678793E-2
2.41100000000000003E9	2.57429072232200173E-2
2.41400000000000015E9	2.58842277522132491E-2
2.41699999999999982E9	2.60262461635416376E-2
2.41999999999999993E9	2.61689665244471081E-2
2.42300000000000004E9	2.63123929396079781E-2
2.42599999999999971E9	2.64565295515349952E-2
2.42899999999999983E9	2.66013805409636328E-2
2.43199999999999994E9	2.67469501272566745E-2
2.43500000000000005E9	2.68932425688081844E-2
2.43800000000000017E9	2.70402621634497997E-2
2.44099999999999984E9	2.71880132488597859E-2
2.44399999999999995E9	2.73365002029823589E-2
2.44700000000000006E9	2.74857274444399291E-2
2.45000000000000018E9	2.76356994329571837E-2
2.45300000000000029E9	2.77864206697861382E-2
2.45599999999999996E9	2.79378956981374005E-2
2.45900000000000007E9	2.80901291036071088E-2
2.46199999999999974E9	2.82431255146190940E-2
2.46499999999999986E9	2.83968896028628670E-2
2.46799999999999997E9	2.85514260837379297E-2
2.47100000000000009E9	2.87067397168004890E-2
2.47400000000000020E9	2.88628353062215659E-2
2.47699999999999987E9	2.90197177012324392E-2
2.47999999999999998E9	2.91773917965979201E-2
2.48300000000000010E9	2.93358625330648248E-2
2.48599999999999977E9	2.94951348978470973E-2
2.48899999999999988E9	2.96552139250861124E-2
2.49199999999999999E9	2.98161046963288312E-2
2.49500000000000011E9	2.99778123410149577E-2
2.49800000000000022E9	3.01403420369559338E-2
2.50099999999999989E9	3.03036990108225490E-2
2.50400000000000000E9	3.04678885386504383E-2
2.50700000000000012E9	3.06329159463189393E-2
2.51000000000000023E9	3.07987866100733099E-2
2.51300000000000034E9	3.09655059570178803E-2
2.51600000000000001E9	3.11330794656322940E-2
2.51900000000000013E9	3.13015126662912690E-2
2.52199999999999980E9	3.14708111417775216E-2
2.52499999999999991E9	3.16409805278116885E-2
2.52800000000000002E9	3.18120265135830937E-2
2.53099999999999969E9	3.19839548422823050E-2
2.53399999999999981E9	3.21567713116410703E-2
2.53699999999999992E9	3.23304817744772688E-2
2.54000000000000004E9	3.25050921392446002E-2
2.54300000000000015E9	3.26806083705848627E-2
2.54600000000000026E9	3.28570364898890599E-2
2.54900000000000038E9	3.30343825758597109E-2
2.55200000000000005E9	3.32126527650842807E-2
2.55500000000000016E9	3.33918532526056078E-2
2.55800000000000027E9	3.35719902925022451E-2
2.56100000000000039E9	3.37530701984756298E-2
2.56399999999999961E9	3.39350993444360816E-2
2.56699999999999973E9	3.41180841651046007E-2
2.56999999999999984E9	3.43020311566103731E-2
2.57299999999999995E9	3.44869468770921683E-2
2.57600000000000007E9	3.46728379473254567E-2
2.57899999999999974E9	3.48597110513200859E-2
2.58199999999999985E9	3.50475729369607070E-2
2.58499999999999996E9	3.52364304166278908E-2
2.58800000000000008E9	3.54262903678310215E-2
2.59100000000000019E9	3.56171597338545931E-2
2.59399999999999986E9	3.58090455244016947E-2
2.59699999999999998E9	3.60019548162463776E-2
2.60000000000000009E9	3.61958947538916487E-2
2.60300000000000020E9	3.63908725502349117E-2
2.60600000000000032E9	3.65868954872397856E-2
2.60899999999999954E9	3.67839709166100937E-2
2.61199999999999966E9	3.69821062604745743E-2
2.61499999999999977E9	3.71813090120773815E-2
2.61799999999999988E9	3.73815867364682486E-2
2.62100000000000000E9	3.75829470712175961E-2
2.62399999999999967E9	3.77853977271068464E-2
2.62699999999999978E9	3.79889464888595052E-2
2.62999999999999989E9	3.81936012158552707E-2
2.63300000000000001E9	3.83993698428613639E-2
2.63600000000000012E9	3.86062603807660265E-2
2.63899999999999979E9	3.88142809173247239E-2
2.64199999999999990E9	3.90234396179005616E-2
2.64500000000000002E9	3.92337447262356909E-2
2.64800000000000013E9	3.94452045651982219E-2
2.65100000000000025E9	3.96578275375623601E-2
2.65399999999999991E9	3.98716221267848114E-2
2.65700000000000003E9	4.00865968977868814E-2
2.66000000000000014E9	4.03027604977495102E-2
2.66300000000000026E9	4.05201216569102218E-2
2.66600000000000037E9	4.07386891893749681E-2
2.66899999999999959E9	4.09584719939282582E-2
2.67199999999999971E9	4.11794790548536316E-2
2.67499999999999982E9	4.14017194427748425E-2
2.67799999999999994E9	4.16252023154805162E-2
2.68100000000000005E9	4.18499369187753345E-2
2.68399999999999972E9	4.20759325873394552E-2
2.68699999999999983E9	4.23031987455802572E-2
2.68999999999999995E9	4.25317449085103849E-2
2.69300000000000006E9	4.27615806826169198E-2
2.69600000000000017E9	4.29927157667594528E-2
2.69899999999999984E9	4.32251599530577124E-2
2.70199999999999996E9	4.34589231277928256E-2
2.70500000000000007E9	4.36940152723227726E-2
2.70800000000000018E9	4.39304464640026726E-2
2.71100000000000030E9	4.41682268771110920E-2
2.71399999999999952E9	4.44073667837907493E-2
2.71699999999999964E9	4.46478765549930223E-2
2.71999999999999975E9	4.48897666614320823E-2
2.72299999999999986E9	4.51330476745534437E-2
2.72599999999999998E9	4.53777302675030114E-2
2.72900000000000009E9	4.56238252161114133E-2
2.73200000000000021E9	4.58713433998896303E-2
2.73500000000000032E9	4.61202958030215981E-2
2.73800000000000043E9	4.63706935153824862E-2
2.74100000000000055E9	4.66225477335558924E-2
2.74399999999999977E9	4.68758697618642017E-2
2.74699999999999989E9	4.71306710134055873E-2
2.75000000000000000E9	4.73869630111074880E-2
2.75300000000000011E9	4.76447573887825371E-2
2.75600000000000023E9	4.79040658921958773E-2
2.75899999999999945E9	4.81649003801473352E-2
2.76199999999999957E9	4.84272728255615181E-2
2.76499999999999968E9	4.86911953165811795E-2
2.76799999999999979E9	4.89566800576822736E-2
2.77099999999999991E9	4.92237393707892146E-2
2.77400000000000002E9	4.94923856964103948E-2
2.77700000000000014E9	4.97626315947724329E-2
2.78000000000000025E9	5.00344897469788386E-2
2.78300000000000036E9	5.03079729561627520E-2
2.78600000000000048E9	5.05830941486682839E-2
2.78899999999999970E9	5.08598663752318991E-2
2.79199999999999982E9	5.11383028121702843E-2
2.79499999999999993E9	5.14184167625987865E-2
2.79800000000000004E9	5.17002216576349838E-2
2.80100000000000016E9	5.19837310576356693E-2
2.80399999999999983E9	5.22689586534297135E-2
2.80699999999999994E9	5.25559182675735137E-2
2.81000000000000005E9	5.28446238556093295E-2
2.81300000000000017E9	5.31350895073421370E-2
2.81600000000000028E9	5.34273294481206218E-2
2.81899999999999995E9	5.37213580401376944E-2
2.82200000000000006E9	5.40171897837359438E-2
2.82500000000000018E9	5.43148393187317602E-2
2.82800000000000029E9	5.46143214257400444E-2
2.83100000000000041E9	5.49156510275287779E-2
2.83399999999999963E9	5.52188431903665755E-2
2.83699999999999974E9	5.55239131253978613E-2
2.83999999999999986E9	5.58308761900158323E-2
2.84299999999999997E9	5.61397478892617663E-2
2.84600000000000009E9	5.64505438772284851E-2
2.84899999999999975E9	5.67632799584789538E-2
2.85199999999999987E9	5.70779720894696929E-2
2.85499999999999998E9	5.73946363800057924E-2
2.85800000000000010E9	5.77132890946877275E-2
2.86100000000000021E9	5.80339466543759119E-2
2.86399999999999988E9	5.83566256376837167E-2
2.86699999999999999E9	5.86813427824623446E-2
2.87000000000000011E9	5.90081149873070565E-2
2.87300000000000022E9	5.93369593130799178E-2
2.87600000000000033E9	5.96678929844406536E-2
2.87900000000000000E9	6.00009333913942289E-2
2.88200000000000012E9	6.03360980908446809E-2
2.88500000000000023E9	6.06734048081719557E-2
2.88800000000000034E9	6.10128714388137183E-2
2.89100000000000046E9	6.13545160498632214E-2
2.89399999999999968E9	6.16983568816831696E-2
2.89699999999999980E9	6.20444123495281374E-2
2.89999999999999991E9	6.23927010451828501E-2
2.90300000000000002E9	6.27432417386154384E-2
2.90600000000000014E9	6.30960533796348422E-2
2.90899999999999981E9	6.34511550995815998E-2
2.91199999999999992E9	6.38085662130103426E-2
2.91500000000000004E9	6.41683062193949549E-2
2.91800000000000015E9	6.45303948048498999E-2
2.92100000000000026E9	6.48948518438616517E-2
2.92399999999999993E9	6.52616974010339579E-2
2.92700000000000005E9	6.56309517328466185E-2
2.93000000000000016E9	6.60026352894257151E-2
2.93300000000000027E9	6.63767687163356968E-2
2.93600000000000039E9	6.67533728563728168E-2
2.93899999999999961E9	6.71324687513796547E-2
2.94199999999999973E9	6.75140776440734225E-2
2.94499999999999984E9	6.78982209798798664E-2
2.94799999999999995E9	6.82849204087959460E-2
2.95100000000000007E9	6.86741977872484100E-2
2.95399999999999974E9	6.90660751799732253E-2
2.95699999999999985E9	6.94605748619164576E-2
2.95999999999999996E9	6.98577193201291280E-2
2.96300000000000008E9	7.02575312556982823E-2
2.96600000000000019E9	7.06600335856679962E-2
2.96899999999999986E9	7.10652494449934391E-2
2.97199999999999998E9	7.14732021884949553E-2
2.97500000000000009E9	7.18839153928309127E-2
2.97800000000000020E9	7.22974128584756848E-2
2.98100000000000032E9	7.27137186117266499E-2
2.98399999999999954E9	7.31328569067034362E-2
2.98699999999999966E9	7.35548522273721339E-2
2.98999999999999977E9	7.39797292895819503E-2
2.99299999999999988E9	7.44075130431056131E-2
2.99600000000000000E9	7.48382286736994917E-2
2.99899999999999967E9	7.52719016051729550E-2
3.00199999999999978E9	7.57085575014687784E-2
3.00499999999999989E9	7.61482222687542709E-2
3.00800000000000001E9	7.65909220575278837E-2
3.01100000000000012E9	7.70366832647302768E-2
3.01399999999999979E9	7.74855325358734426E-2
3.01699999999999990E9	7.79374967671711882E-2
3.02000000000000002E9	7.83926031076938301E-2
3.02300000000000013E9	7.88508789615170347E-2
3.02600000000000025E9	7.93123519898903240E-2
3.02899999999999991E9	7.97770501134178378E-2
3.03200000000000003E9	8.02450015142365913E-2
3.03500000000000014E9	8.07162346382171947E-2
3.03800000000000026E9	8.11907781971597409E-2
3.04100000000000037E9	8.16686611710138166E-2
3.04399999999999959E9	8.21499128100910525E-2
3.04699999999999971E9	8.26345626372942910E-2
3.04999999999999982E9	8.31226404503554406E-2
3.05299999999999994E9	8.36141763240699198E-2
3.05600000000000005E9	8.41092006125494684E-2
3.05899999999999972E9	8.46077439514747098E-2
3.06199999999999983E9	8.51098372603550501E-2
3.06499999999999995E9	8.56155117447903891E-2
3.06800000000000006E9	8.61247988987433644E-2
3.07100000000000017E9	8.66377305068116144E-2
3.07399999999999984E9	8.71543386465033443E-2
3.07699999999999996E9	8.76746556905213659E-2
3.08000000000000007E9	8.81987143090362125E-2
3.08300000000000018E9	8.87265474719846026E-2
3.08600000000000030E9	8.92581884513400858E-2
3.08899999999999952E9	8.97936708234105474E-2
3.09199999999999964E9	9.03330284711203646E-2
3.09499999999999975E9	9.08762955862911959E-2
3.09799999999999986E9	9.14235066719370870E-2
3.10099999999999998E9	9.19746965445344067E-2
3.10400000000000009E9	9.25299003363092787E-2
3.10700000000000021E9	9.30891534975101820E-2
3.11000000000000032E9	9.36524917986779570E-2
3.11300000000000043E9	9.42199513329128990E-2
3.11600000000000055E9	9.47915685181300027E-2
3.11899999999999977E9	9.53673800993184351E-2
3.12199999999999989E9	9.59474231507783060E-2
3.12500000000000000E9	9.65317350783594463E-2
3.12800000000000011E9	9.71203536216820495E-2
3.13100000000000023E9	9.77133168563573307E-2
3.13399999999999945E9	9.83106631961814337E-2
3.13699999999999957E9	9.89124313953261414E-2
3.13999999999999968E9	9.95186605505165467E-2
3.14299999999999979E9	1.00129390103179028E-1
3.14599999999999991E9	1.00744659841596040E-1
3.14900000000000002E9	1.01364509903014288E-1
3.15200000000000014E9	1.01988980775756333E-1
3.15500000000000025E9	1.02618113301306368E-1
3.15800000000000036E9	1.03251948676360050E-1
3.16100000000000048E9	1.03890528454867215E-1
3.16399999999999970E9	1.04533894550046069E-1
3.16699999999999982E9	1.05182089236364318E-1
3.16999999999999993E9	1.05835155151489868E-1
3.17300000000000004E9	1.06493135298232455E-1
3.17600000000000016E9	1.07156073046423139E-1
3.17899999999999983E9	1.07824012134786007E-1
3.18199999999999994E9	1.08496996672761004E-1
3.18500000000000005E9	1.09175071142293456E-1
3.18800000000000017E9	1.09858280399586827E-1
3.19100000000000028E9	1.10546669676813236E-1
3.19399999999999995E9	1.11240284583778370E-1
3.19700000000000006E9	1.11939171109548585E-1
3.20000000000000018E9	1.12643375624022557E-1
3.20300000000000029E9	1.13352944879459905E-1
3.20600000000000041E9	1.14067926011960852E-1
3.20899999999999963E9	1.14788366542878406E-1
3.21199999999999974E9	1.15514314380196392E-1
3.21499999999999986E9	1.16245817819826458E-1
3.21799999999999997E9	1.16982925546863092E-1
3.22100000000000009E9	1.17725686636760574E-1
3.22399999999999931E9	1.18474150556452051E-1
3.22699999999999942E9	1.19228367165401727E-1
3.22999999999999954E9	1.19988386716572970E-1
3.23299999999999965E9	1.20754259857339652E-1
3.23599999999999977E9	1.21526037630302652E-1
3.23899999999999988E9	1.22303771474038436E-1
3.24199999999999999E9	1.23087513223757905E-1
3.24500000000000011E9	1.23877315111880870E-1
3.24800000000000022E9	1.24673229768519911E-1
3.25100000000000033E9	1.25475310221866820E-1
3.25400000000000000E9	1.26283609898489169E-1
3.25700000000000012E9	1.27098182623524791E-1
3.26000000000000023E9	1.27919082620765856E-1
3.26300000000000034E9	1.28746364512642097E-1
3.26600000000000046E9	1.29580083320090211E-1
3.26899999999999968E9	1.30420294462310249E-1
3.27199999999999980E9	1.31267053756396113E-1
3.27499999999999991E9	1.32120417416846125E-1
3.27800000000000002E9	1.32980442054951653E-1
3.28100000000000014E9	1.33847184678043107E-1
3.28399999999999981E9	1.34720702688608385E-1
3.28699999999999992E9	1.35601053883260358E-1
3.29000000000000004E9	1.36488296451572899E-1
3.29300000000000015E9	1.37382488974750494E-1
3.29600000000000026E9	1.38283690424159733E-1
3.29899999999999949E9	1.39191960159681516E-1
3.30199999999999960E9	1.40107357927917775E-1
3.30499999999999972E9	1.41029943860210638E-1
3.30799999999999983E9	1.41959778470498765E-1
3.31099999999999994E9	1.42896922652982994E-1
3.31400000000000006E9	1.43841437679613882E-1
3.31700000000000017E9	1.44793385197380875E-1
3.32000000000000028E9	1.45752827225401371E-1
3.32300000000000040E9	1.46719826151819244E-1
3.32600000000000051E9	1.47694444730471197E-1
3.32899999999999974E9	1.48676746077363009E-1
3.33199999999999985E9	1.49666793666898812E-1
3.33499999999999996E9	1.50664651327896637E-1
3.33800000000000008E9	1.51670383239367412E-1
3.34100000000000019E9	1.52684053926045316E-1
3.34399999999999986E9	1.53705728253670149E-1
3.34699999999999998E9	1.54735471424026194E-1
3.35000000000000009E9	1.55773348969696190E-1
3.35300000000000020E9	1.56819426748563662E-1
3.35600000000000032E9	1.57873770938036473E-1
3.35899999999999954E9	1.58936448028967336E-1
3.36199999999999966E9	1.60007524819309022E-1
3.36499999999999977E9	1.61087068407443446E-1
3.36799999999999988E9	1.62175146185222863E-1
3.37100000000000000E9	1.63271825830677320E-1
3.37399999999999967E9	1.64377175300411116E-1
3.37699999999999978E9	1.65491262821663132E-1
3.37999999999999989E9	1.66614156884019593E-1
3.38300000000000001E9	1.67745926230783082E-1
3.38600000000000012E9	1.68886639849983555E-1
3.38900000000000023E9	1.70036366965017005E-1
3.39200000000000035E9	1.71195177024910405E-1
3.39500000000000046E9	1.72363139694209555E-1
3.39800000000000058E9	1.73540324842446214E-1
3.40100000000000069E9	1.74726802533238113E-1
3.40399999999999991E9	1.75922643012940405E-1
3.40700000000000003E9	1.77127916698901600E-1
3.41000000000000014E9	1.78342694167261318E-1
3.41300000000000026E9	1.79567046140330921E-1
3.41600000000000037E9	1.80801043473496326E-1
3.41899999999999959E9	1.82044757141676250E-1
3.42199999999999971E9	1.83298258225298527E-1
3.42499999999999982E9	1.84561617895791397E-1
3.42799999999999994E9	1.85834907400586391E-1
3.43100000000000005E9	1.87118198047615802E-1
3.43399999999999972E9	1.88411561189289700E-1
3.43699999999999983E9	1.89715068205949611E-1
3.43999999999999995E9	1.91028790488784184E-1
3.44300000000000006E9	1.92352799422207932E-1
3.44600000000000017E9	1.93687166365662389E-1
3.44899999999999940E9	1.95031962634857958E-1
3.45199999999999951E9	1.96387259482446175E-1
3.45499999999999963E9	1.97753128078069151E-1
3.45799999999999974E9	1.99129639487846033E-1
3.46099999999999985E9	2.00516864653203575E-1
3.46399999999999997E9	2.01914874369123609E-1
3.46700000000000008E9	2.03323739261715941E-1
3.47000000000000020E9	2.04743529765166832E-1
3.47300000000000031E9	2.06174316098020238E-1
3.47600000000000042E9	2.07616168238793897E-1
3.47900000000000009E9	2.09069155900899695E-1
3.48200000000000021E9	2.10533348506894002E-1
3.48500000000000032E9	2.12008815162003517E-1
3.48800000000000043E9	2.13495624626948466E-1
3.49100000000000055E9	2.14993845290038044E-1
3.49399999999999977E9	2.16503545138522302E-1
3.49699999999999989E9	2.18024791729208545E-1
3.50000000000000000E9	2.19557652158312733E-1
3.50300000000000011E9	2.21102193030541994E-1
3.50600000000000023E9	2.22658480427405481E-1
3.50899999999999945E9	2.24226579874726673E-1
3.51199999999999957E9	2.25806556309371009E-1
3.51499999999999968E9	2.27398474045148413E-1
3.51799999999999979E9	2.29002396737919600E-1
3.52099999999999991E9	2.30618387349853782E-1
3.52399999999999958E9	2.32246508112867556E-1
3.52699999999999969E9	2.33886820491219405E-1
3.52999999999999980E9	2.35539385143237201E-1
3.53299999999999992E9	2.37204261882208600E-1
3.53600000000000003E9	2.38881509636383349E-1
3.53900000000000015E9	2.40571186408118320E-1
3.54200000000000026E9	2.42273349232136015E-1
3.54500000000000037E9	2.43988054132888976E-1
3.54800000000000049E9	2.45715356081044067E-1
3.55100000000000060E9	2.47455308949072927E-1
3.55399999999999983E9	2.49207965465920323E-1
3.55699999999999994E9	2.50973377170792666E-1
3.56000000000000005E9	2.52751594366021237E-1
3.56300000000000017E9	2.54542666069022649E-1
3.56600000000000028E9	2.56346639963345657E-1
3.56899999999999995E9	2.58163562348804598E-1
3.57200000000000006E9	2.59993478090693442E-1
3.57500000000000018E9	2.61836430568101530E-1
3.57800000000000029E9	2.63692461621304020E-1
3.58100000000000041E9	2.65561611498240691E-1
3.58399999999999963E9	2.67443918800112801E-1
3.58699999999999974E9	2.69339420426044374E-1
3.58999999999999986E9	2.71248151516872049E-1
3.59299999999999997E9	2.73170145398043074E-1
3.59600000000000009E9	2.75105433521612497E-1
3.59899999999999931E9	2.77054045407386651E-1
3.60199999999999942E9	2.79016008583198571E-1
3.60499999999999954E9	2.80991348524319928E-1
3.60799999999999965E9	2.82980088592043932E-1
3.61099999999999977E9	2.84982249971433177E-1
3.61399999999999988E9	2.86997851608266874E-1
3.61699999999999999E9	2.89026910145183002E-1
3.62000000000000011E9	2.91069439857037038E-1
3.62300000000000022E9	2.93125452585527491E-1
3.62600000000000033E9	2.95194957673057434E-1
3.62900000000000000E9	2.97277961895900500E-1
3.63200000000000012E9	2.99374469396667076E-1
3.63500000000000023E9	3.01484481616110811E-1
3.63800000000000034E9	3.03607997224305803E-1
3.64100000000000046E9	3.05745012051199572E-1
3.64399999999999968E9	3.07895519016618469E-1
3.64699999999999980E9	3.10059508059703237E-1
3.64999999999999991E9	3.12236966067862376E-1
3.65300000000000002E9	3.14427876805241313E-1
3.65600000000000014E9	3.16632220840772804E-1
3.65899999999999981E9	3.18849975475834402E-1
3.66199999999999992E9	3.21081114671559220E-1
3.66500000000000004E9	3.23325608975858980E-1
3.66800000000000015E9	3.25583425450182240E-1
3.67100000000000026E9	3.27854527596081624E-1
3.67399999999999949E9	3.30138875281627842E-1
3.67699999999999960E9	3.32436424667736041E-1
3.67999999999999972E9	3.34747128134445582E-1
3.68299999999999983E9	3.37070934207235950E-1
3.68599999999999994E9	3.39407787483404366E-1
3.68900000000000006E9	3.41757628558615645E-1
3.69200000000000017E9	3.44120393953652481E-1
3.69500000000000028E9	3.46496016041441868E-1
3.69800000000000040E9	3.48884422974459651E-1
3.70100000000000051E9	3.51285538612524828E-1
3.70399999999999974E9	3.53699282451141439E-1
3.70699999999999985E9	3.56125569550376264E-1
3.70999999999999996E9	3.58564310464436442E-1
3.71300000000000008E9	3.61015411171964207E-1
3.71600000000000019E9	3.63478773007175882E-1
3.71899999999999986E9	3.65954292591922670E-1
3.72199999999999998E9	3.68441861768740386E-1
3.72500000000000009E9	3.70941367535026201E-1
3.72800000000000020E9	3.73452691978380180E-1
3.73100000000000032E9	3.75975712213269020E-1
3.73399999999999954E9	3.78510300319051751E-1
3.73699999999999966E9	3.81056323279514109E-1
3.73999999999999977E9	3.83613642923998466E-1
3.74299999999999988E9	3.86182115870215004E-1
3.74600000000000000E9	3.88761593468885502E-1
3.74899999999999967E9	3.91351921750267628E-1
3.75199999999999978E9	3.93952941372735799E-1
3.75499999999999989E9	3.96564487573479552E-1
3.75800000000000001E9	3.99186390121448120E-1
3.76100000000000012E9	4.01818473272672172E-1
3.76400000000000023E9	4.04460555728048377E-1
3.76700000000000035E9	4.07112450593736508E-1
3.77000000000000046E9	4.09773965344254432E-1
3.77300000000000058E9	4.12444901788407581E-1
3.77600000000000069E9	4.15125056038179707E-1
3.77899999999999991E9	4.17814218480666000E-1
3.78200000000000003E9	4.20512173753233043E-1
3.78500000000000014E9	4.23218700721960239E-1
3.78800000000000026E9	4.25933572463505961E-1
3.79100000000000037E9	4.28656556250551368E-1
3.79399999999999959E9	4.31387413540865872E-1
3.79699999999999971E9	4.34125899970194418E-1
3.79999999999999982E9	4.36871765349037311E-1
3.80299999999999994E9	4.39624753663423373E-1
3.80600000000000005E9	4.42384603079837646E-1
3.80899999999999972E9	4.45151045954391122E-1
3.81199999999999983E9	4.47923808846327898E-1
3.81499999999999995E9	4.50702612536005365E-1
3.81800000000000006E9	4.53487172047441334E-1
3.82100000000000017E9	4.56277196675531549E-1
3.82399999999999940E9	4.59072390018041077E-1
3.82699999999999951E9	4.61872450012447189E-1
3.82999999999999963E9	4.64677068977761110E-1
3.83299999999999974E9	4.67485933661404829E-1
3.83599999999999985E9	4.70298725291181619E-1
3.83899999999999997E9	4.73115119632532455E-1
3.84200000000000008E9	4.75934787051005515E-1
3.84500000000000020E9	4.78757392580149244E-1
3.84800000000000031E9	4.81582595994800222E-1
3.85100000000000042E9	4.84410051889874982E-1
3.85400000000000009E9	4.87239409764689135E-1
3.85700000000000021E9	4.90070314112884020E-1
3.86000000000000032E9	4.92902404517968407E-1
3.86300000000000043E9	4.95735315754525097E-1
3.86600000000000055E9	4.98568677895142542E-1
3.86899999999999977E9	5.01402116423003541E-1
3.87199999999999989E9	5.04235252350253127E-1
3.87500000000000000E9	5.07067702342058091E-1
3.87800000000000011E9	5.09899078846429710E-1
3.88100000000000023E9	5.12728990229728954E-1
3.88399999999999945E9	5.15557040917895115E-1
3.88699999999999957E9	5.18382831543326983E-1
3.88999999999999968E9	5.21205959097387783E-1
3.89299999999999979E9	5.24026017088527585E-1
3.89599999999999991E9	5.26842595705895178E-1
3.89899999999999958E9	5.29655281988434279E-1
3.90199999999999969E9	5.32463659999370709E-1
3.90499999999999980E9	5.35267311005979174E-1
3.90799999999999992E9	5.38065813664616055E-1
3.91100000000000003E9	5.40858744210786391E-1
3.91400000000000015E9	5.43645676654269572E-1
3.91700000000000026E9	5.46426182979081076E-1
3.92000000000000037E9	5.49199833348187916E-1
3.92300000000000049E9	5.51966196312809565E-1
3.92600000000000060E9	5.54724839026175776E-1
3.92899999999999983E9	5.57475327461556169E-1
3.93199999999999994E9	5.60217226634405385E-1
3.93500000000000005E9	5.62950100828440636E-1
3.93800000000000017E9	5.65673513825446683E-1
3.94100000000000028E9	5.68387029138636457E-1
3.94399999999999995E9	5.71090210249338703E-1
3.94700000000000006E9	5.73782620846789726E-1
3.95000000000000018E9	5.76463825070836577E-1
3.95300000000000029E9	5.79133387757267926E-1
3.95600000000000041E9	5.81790874685591497E-1
3.95899999999999963E9	5.84435852828952207E-1
3.96199999999999974E9	5.87067890605969822E-1
3.96499999999999986E9	5.89686558134229166E-1
3.96799999999999997E9	5.92291427485136079E-1
3.97100000000000009E9	5.94882072939885376E-1
3.97399999999999931E9	5.97458071246246636E-1
3.97699999999999942E9	6.00019001875889124E-1
3.97999999999999954E9	6.02564447281940918E-1
3.98299999999999965E9	6.05093993156520149E-1
3.98599999999999977E9	6.07607228687898093E-1
3.98899999999999988E9	6.10103746817031745E-1
3.99199999999999999E9	6.12583144493132536E-1
3.99500000000000011E9	6.15045022927986196E-1
3.99800000000000022E9	6.17488987848705762E-1
4.00100000000000033E9	6.19914649748625202E-1
4.00399999999999956E9	6.22321624135994966E-1
4.00699999999999967E9	6.24709531780223060E-1
4.00999999999999979E9	6.27077998955297744E-1
4.01299999999999990E9	6.29426657680138923E-1
4.01600000000000001E9	6.31755145955554553E-1
4.01900000000000013E9	6.34063107997484554E-1
4.02200000000000024E9	6.36350194466281049E-1
4.02500000000000036E9	6.38616062691701991E-1
4.02800000000000047E9	6.40860376893351624E-1
4.03100000000000058E9	6.43082808396258088E-1
4.03399999999999981E9	6.45283035841367081E-1
4.03699999999999992E9	6.47460745390606274E-1
4.04000000000000004E9	6.49615630926376575E-1
4.04300000000000015E9	6.51747394245077771E-1
4.04600000000000026E9	6.53855745244532027E-1
4.04899999999999949E9	6.55940402105037279E-1
4.05199999999999960E9	6.58001091463813825E-1
4.05499999999999972E9	6.60037548582637523E-1
4.05799999999999983E9	6.62049517508453977E-1
4.06099999999999994E9	6.64036751226773081E-1
4.06400000000000006E9	6.65999011807698960E-1
4.06700000000000017E9	6.67936070544340943E-1
4.07000000000000028E9	6.69847708083534776E-1
4.07300000000000040E9	6.71733714548679384E-1
4.07600000000000051E9	6.73593889654559064E-1
4.07899999999999974E9	6.75428042814016294E-1
4.08199999999999985E9	6.77235993236416345E-1
4.08499999999999996E9	6.79017570017757421E-1
4.08800000000000008E9	6.80772612222316909E-1
4.09100000000000019E9	6.82500968955891274E-1
4.09399999999999942E9	6.84202499430393551E-1
4.09699999999999953E9	6.85877073019936301E-1
4.09999999999999964E9	6.87524569308234934E-1
4.10299999999999976E9	6.89144878127418625E-1
4.10599999999999987E9	6.90737899588175797E-1
4.10899999999999999E9	6.92303544101285606E-1
4.11200000000000010E9	6.93841732390537835E-1
4.11500000000000021E9	6.95352395497098730E-1
4.11800000000000033E9	6.96835474775357877E-1
4.12100000000000044E9	6.98290921880329485E-1
4.12399999999999967E9	6.99718698746671564E-1
4.12699999999999978E9	7.01118777559425510E-1
4.12999999999999989E9	7.02491140716568019E-1
4.13300000000000001E9	7.03835780783502685E-1
4.13600000000000012E9	7.05152700439590419E-1
4.13900000000000023E9	7.06441912416846307E-1
4.14200000000000035E9	7.07703439431024961E-1
4.14500000000000046E9	7.08937314105117444E-1
4.14800000000000058E9	7.10143578885553151E-1
4.15100000000000069E9	7.11322285951202637E-1
4.15399999999999991E9	7.12473497115378684E-1
4.15700000000000003E9	7.13597283721060194E-1
4.16000000000000014E9	7.14693726529489570E-1
4.16300000000000026E9	7.15762915602385252E-1
4.16600000000000037E9	7.16804950177956357E-1
4.16899999999999959E9	7.17819938540960756E-1
4.17199999999999971E9	7.18807997887034844E-1
4.17499999999999982E9	7.19769254181482943E-1
4.17799999999999994E9	7.20703842012817830E-1
4.18100000000000005E9	7.21611904441244967E-1
4.18399999999999928E9	7.22493592842371246E-1
4.18699999999999939E9	7.23349066746351177E-1
4.18999999999999950E9	7.24178493672725665E-1
4.19299999999999962E9	7.24982048961254222E-1
4.19599999999999973E9	7.25759915598872229E-1
4.19899999999999984E9	7.26512284043178358E-1
4.20199999999999996E9	7.27239352042590603E-1
4.20500000000000007E9	7.27941324453463423E-1
4.20800000000000018E9	7.28618413054427005E-1
4.21100000000000030E9	7.29270836358201180E-1
4.21400000000000041E9	7.29898819421088518E-1
4.21700000000000053E9	7.30502593650484400E-1
4.22000000000000064E9	7.31082396610550944E-1
4.22300000000000075E9	7.31638471826382997E-1
4.22600000000000087E9	7.32171068586834561E-1
4.22900000000000009E9	7.32680441746296829E-1
4.23200000000000021E9	7.33166851525661212E-1
4.23500000000000032E9	7.33630563312619888E-1
4.23800000000000043E9	7.34071847461671556E-1
4.24100000000000055E9	7.34490979093873175E-1
4.24399999999999977E9	7.34888237896733987E-1
4.24699999999999989E9	7.35263907924320570E-1
4.25000000000000000E9	7.35618277397857590E-1
4.25300000000000011E9	7.35951638506984107E-1
4.25600000000000023E9	7.36264287211897894E-1
4.25899999999999945E9	7.36556523046514577E-1
4.26199999999999957E9	7.36828648922898388E-1
4.26499999999999968E9	7.37080970937054492E-1
4.26799999999999979E9	7.37313798176339485E-1
4.27099999999999991E9	7.37527442528566635E-1
4.27399999999999913E9	7.37722218493030013E-1
4.27699999999999925E9	7.37898442993553516E-1
4.27999999999999936E9	7.38056435193699834E-1
4.28299999999999947E9	7.38196516314336915E-1
4.28599999999999959E9	7.38319009453588837E-1
4.28899999999999970E9	7.38424239409394634E-1
4.29199999999999982E9	7.38512532504706254E-1
4.29499999999999993E9	7.38584216415475314E-1
4.29800000000000004E9	7.38639620001531938E-1
4.30100000000000016E9	7.38679073140414122E-1
4.30400000000000027E9	7.38702906564276152E-1
4.30700000000000038E9	7.38711451699922161E-1
4.31000000000000050E9	7.38705040512040689E-1
4.31300000000000061E9	7.38684005349763595E-1
4.31600000000000072E9	7.38648678796493297E-1
4.31899999999999995E9	7.38599393523192127E-1
4.32200000000000006E9	7.38536482145053697E-1
4.32500000000000018E9	7.38460277081698901E-1
4.32800000000000029E9	7.38371110420875798E-1
4.33100000000000041E9	7.38269313785701087E-1
4.33399999999999963E9	7.38155218205494901E-1
4.33699999999999974E9	7.38029153990178077E-1
4.33999999999999986E9	7.37891450608332811E-1
4.34299999999999997E9	7.37742436568811311E-1
4.34600000000000009E9	7.37582439306032178E-1
4.34899999999999931E9	7.37411785068863868E-1
4.35199999999999942E9	7.37230798813127208E-1
4.35499999999999954E9	7.37039804097728357E-1
4.35799999999999965E9	7.36839122984362138E-1
4.36099999999999977E9	7.36629075940811440E-1
4.36399999999999988E9	7.36409981747797282E-1
4.36699999999999999E9	7.36182157409373339E-1
4.37000000000000011E9	7.35945918066801674E-1
4.37300000000000022E9	7.35701576915926481E-1
4.37600000000000033E9	7.35449445127980805E-1
4.37899999999999956E9	7.35189831773779279E-1
4.38199999999999967E9	7.34923043751299687E-1
4.38499999999999979E9	7.34649385716556136E-1
4.38799999999999990E9	7.34369160017768419E-1
4.39100000000000001E9	7.34082666632732828E-1
4.39400000000000013E9	7.33790203109396622E-1
4.39700000000000024E9	7.33492064509530994E-1
4.40000000000000036E9	7.33188543355494193E-1
4.40300000000000047E9	7.32879929579996947E-1
4.40600000000000058E9	7.32566510478837429E-1
4.40899999999999981E9	7.32248570666522092E-1
4.41199999999999992E9	7.31926392034742612E-1
4.41500000000000004E9	7.31600253713640925E-1
4.41800000000000015E9	7.31270432035759299E-1
4.42100000000000026E9	7.30937200502694751E-1
4.42399999999999949E9	7.30600829754301273E-1
4.42699999999999960E9	7.30261587540466373E-1
4.42999999999999972E9	7.29919738695326004E-1
4.43299999999999983E9	7.29575545113889312E-1
4.43599999999999994E9	7.29229265731006659E-1
4.43900000000000006E9	7.28881156502611205E-1
4.44200000000000017E9	7.28531470389156333E-1
4.44500000000000028E9	7.28180457341214371E-1
4.44800000000000040E9	7.27828364287130825E-1
4.45100000000000051E9	7.27475435122724701E-1
4.45399999999999974E9	7.27121910702901708E-1
4.45699999999999985E9	7.26768028835183699E-1
4.45999999999999996E9	7.26414024275034098E-1
4.46300000000000008E9	7.26060128722957909E-1
4.46600000000000019E9	7.25706570823291042E-1
4.46899999999999942E9	7.25353576164620062E-1
4.47199999999999953E9	7.25001367281786457E-1
4.47499999999999964E9	7.24650163659368474E-1
4.47799999999999976E9	7.24300181736662996E-1
4.48099999999999987E9	7.23951634914005826E-1
4.48399999999999999E9	7.23604733560463931E-1
4.48700000000000010E9	7.23259685022775756E-1
4.49000000000000021E9	7.22916693635525931E-1
4.49300000000000033E9	7.22575960732466349E-1
4.49600000000000044E9	7.22237684658961410E-1
4.49899999999999967E9	7.21902060785451738E-1
4.50199999999999978E9	7.21569281521970218E-1
4.50499999999999989E9	7.21239536333545228E-1
4.50800000000000001E9	7.20913011756534683E-1
4.51100000000000012E9	7.20589891415802075E-1
4.51400000000000023E9	7.20270356042675708E-1
4.51700000000000035E9	7.19954583493659062E-1
4.52000000000000046E9	7.19642748769851703E-1
4.52300000000000058E9	7.19335024037011195E-1
4.52600000000000069E9	7.19031578646234770E-1
4.52899999999999991E9	7.18732579155196394E-1
4.53200000000000003E9	7.18438189349911660E-1
4.53500000000000014E9	7.18148570266988173E-1
4.53800000000000026E9	7.17863880216313088E-1
4.54100000000000037E9	7.17584274804125588E-1
4.54399999999999959E9	7.17309906956480337E-1
4.54699999999999971E9	7.17040926943009715E-1
4.54999999999999982E9	7.16777482400987687E-1
4.55299999999999994E9	7.16519718359633373E-1
4.55600000000000005E9	7.16267777264650984E-1
4.55899999999999928E9	7.16021799002930592E-1
4.56199999999999939E9	7.15781920927413395E-1
4.56499999999999950E9	7.15548277882084705E-1
4.56799999999999962E9	7.15321002227026881E-1
4.57099999999999973E9	7.15100223863566509E-1
4.57399999999999984E9	7.14886070259427342E-1
4.57699999999999996E9	7.14678666473893998E-1
4.58000000000000007E9	7.14478135182953089E-1
4.58300000000000018E9	7.14284596704381247E-1
4.58600000000000030E9	7.14098169022753737E-1
4.58900000000000041E9	7.13918967814363725E-1
4.59200000000000053E9	7.13747106472007431E-1
4.59500000000000064E9	7.13582696129622196E-1
4.59800000000000075E9	7.13425845686769655E-1
4.60100000000000087E9	7.13276661832912851E-1
4.60400000000000009E9	7.13135249071494215E-1
4.60700000000000021E9	7.13001709743778278E-1
4.61000000000000032E9	7.12876144052452698E-1
4.61300000000000043E9	7.12758650084949341E-1
4.61600000000000055E9	7.12649323836500681E-1
4.61899999999999977E9	7.12548259232877346E-1
4.62199999999999989E9	7.12455548152815865E-1
4.62500000000000000E9	7.12371280450117617E-1
4.62800000000000011E9	7.12295543975391610E-1
4.63100000000000023E9	7.12228424597441645E-1
4.63399999999999945E9	7.12170006224272178E-1
4.63699999999999957E9	7.12120370823715820E-1
4.63999999999999968E9	7.12079598443643302E-1
4.64299999999999979E9	7.12047767231770212E-1
4.64599999999999991E9	7.12024953455045839E-1
4.64899999999999913E9	7.12011231518584609E-1
4.65199999999999925E9	7.12006673984173766E-1
4.65499999999999936E9	7.12011351588307484E-1
4.65799999999999947E9	7.12025333259759474E-1
4.66099999999999959E9	7.12048686136690279E-1
4.66399999999999970E9	7.12081475583254253E-1
4.66699999999999982E9	7.12123765205723380E-1
4.66999999999999993E9	7.12175616868113792E-1
4.67300000000000004E9	7.12237090707289511E-1
4.67600000000000016E9	7.12308245147577779E-1
4.67900000000000027E9	7.12389136914831411E-1
4.68200000000000038E9	7.12479821049989148E-1
4.68500000000000050E9	7.12580350922089423E-1
4.68800000000000061E9	7.12690778240746781E-1
4.69100000000000072E9	7.12811153068085801E-1
4.69399999999999995E9	7.12941523830128965E-1
4.69700000000000006E9	7.13081937327613957E-1
4.70000000000000018E9	7.13232438746274955E-1
4.70300000000000029E9	7.13393071666551393E-1
4.70600000000000041E9	7.13563878072720570E-1
4.70899999999999963E9	7.13744898361482605E-1
4.71199999999999974E9	7.13936171349949777E-1
4.71499999999999986E9	7.14137734283074899E-1
4.71799999999999997E9	7.14349622840498455E-1
4.72100000000000009E9	7.14571871142812931E-1
4.72399999999999931E9	7.14804511757247329E-1
4.72699999999999942E9	7.15047575702759541E-1
4.72999999999999954E9	7.15301092454559395E-1
4.73299999999999965E9	7.15565089948021438E-1
4.73599999999999977E9	7.15839594582033456E-1
4.73899999999999988E9	7.16124631221736863E-1
4.74199999999999999E9	7.16420223200684703E-1
4.74500000000000011E9	7.16726392322414529E-1
4.74800000000000022E9	7.17043158861417762E-1
4.75100000000000033E9	7.17370541563539454E-1
4.75399999999999956E9	7.17708557645763179E-1
4.75699999999999967E9	7.18057222795424188E-1
4.75999999999999979E9	7.18416551168840201E-1
4.76299999999999990E9	7.18786555389328186E-1
4.76600000000000001E9	7.19167246544658845E-1
4.76900000000000013E9	7.19558634183928625E-1
4.77200000000000024E9	7.19960726313828658E-1
4.77500000000000036E9	7.20373529394353973E-1
4.77800000000000047E9	7.20797048333919577E-1
4.78100000000000058E9	7.21231286483916545E-1
4.78399999999999981E9	7.21676245632680402E-1
4.78699999999999992E9	7.22131925998905189E-1
4.79000000000000004E9	7.22598326224473020E-1
4.79300000000000015E9	7.23075443366739812E-1
4.79600000000000026E9	7.23563272890255771E-1
4.79899999999999949E9	7.24061808657926331E-1
4.80199999999999960E9	7.24571042921633612E-1
4.80499999999999972E9	7.25090966312300012E-1
4.80799999999999983E9	7.25621567829436920E-1
4.81099999999999994E9	7.26162834830121540E-1
4.81400000000000006E9	7.26714753017484938E-1
4.81700000000000017E9	7.27277306428653070E-1
4.82000000000000028E9	7.27850477422181186E-1
4.82300000000000040E9	7.28434246664975404E-1
4.82600000000000051E9	7.29028593118721169E-1
4.82899999999999974E9	7.29633494025810680E-1
4.83199999999999985E9	7.30248924894782014E-1
4.83499999999999996E9	7.30874859485289186E-1
4.83800000000000008E9	7.31511269792598817E-1
4.84100000000000019E9	7.32158126031631085E-1
4.84399999999999942E9	7.32815396620539428E-1
4.84699999999999953E9	7.33483048163866780E-1
4.84999999999999964E9	7.34161045435262505E-1
4.85299999999999976E9	7.34849351359775582E-1
4.85599999999999987E9	7.35547926995763213E-1
4.85899999999999999E9	7.36256731516373542E-1
4.86200000000000010E9	7.36975722190675508E-1
4.86500000000000021E9	7.37704854364394347E-1
4.86800000000000033E9	7.38444081440311795E-1
4.87100000000000044E9	7.39193354858309615E-1
4.87399999999999967E9	7.39952624075091681E-1
4.87699999999999978E9	7.40721836543596091E-1
4.87999999999999989E9	7.41500937692104234E-1
4.88300000000000001E9	7.42289870903074878E-1
4.88600000000000012E9	7.43088577491716773E-1
4.88900000000000023E9	7.43896996684305645E-1
4.89200000000000035E9	7.44715065596286152E-1
4.89500000000000046E9	7.45542719210157223E-1
4.89800000000000058E9	7.46379890353172737E-1
4.90100000000000069E9	7.47226509674864570E-1
4.90399999999999991E9	7.48082505624433125E-1
4.90700000000000003E9	7.48947804427996644E-1
4.91000000000000014E9	7.49822330065740150E-1
4.91300000000000026E9	7.50706004248990055E-1
4.91600000000000037E9	7.51598746397224815E-1
4.91899999999999959E9	7.52500473615042509E-1
4.92199999999999971E9	7.53411100669153377E-1
4.92499999999999982E9	7.54330539965345537E-1
4.92799999999999994E9	7.55258701525532672E-1
4.93100000000000005E9	7.56195492964857330E-1
4.93399999999999928E9	7.57140819468890225E-1
4.93699999999999939E9	7.58094583770978581E-1
4.93999999999999950E9	7.59056686129733649E-1
4.94299999999999962E9	7.60027024306716736E-1
4.94599999999999973E9	7.61005493544355183E-1
4.94899999999999984E9	7.61991986544096278E-1
4.95199999999999996E9	7.62986393444865296E-1
4.95500000000000007E9	7.63988601801831813E-1
4.95800000000000018E9	7.64998496565542307E-1
4.96100000000000030E9	7.66015960061435841E-1
4.96400000000000041E9	7.67040871969802041E-1
4.96700000000000053E9	7.68073109306185486E-1
4.97000000000000064E9	7.69112546402312880E-1
4.97300000000000075E9	7.70159054887548322E-1
4.97600000000000087E9	7.71212503670948379E-1
4.97900000000000009E9	7.72272758923914804E-1
4.98200000000000021E9	7.73339684063541988E-1
4.98500000000000032E9	7.74413139736643963E-1
4.98800000000000043E9	7.75492983804548341E-1
4.99100000000000055E9	7.76579071328680470E-1
4.99399999999999977E9	7.77671254556974745E-1
4.99699999999999989E9	7.78769382911177388E-1
5.00000000000000000E9	7.79873302975083416E-1
5.00300000000000011E9	7.80982858483725284E-1
5.00600000000000023E9	7.82097890313610122E-1
5.00899999999999945E9	7.83218236474005813E-1
5.01199999999999957E9	7.84343732099350177E-1
5.01499999999999968E9	7.85474209442837434E-1
5.01799999999999979E9	7.86609497871192964E-1
5.02099999999999991E9	7.87749423860739739E-1
5.02399999999999913E9	7.88893810994763722E-1
5.02699999999999925E9	7.90042479962250432E-1
5.02999999999999936E9	7.91195248558031050E-1
5.03299999999999947E9	7.92351931684411426E-1
5.03599999999999959E9	7.93512341354288520E-1
5.03899999999999970E9	7.94676286695875334E-1
5.04199999999999982E9	7.95843573959015238E-1
5.04499999999999993E9	7.97014006523184015E-1
5.04800000000000004E9	7.98187384907213371E-1
5.05100000000000016E9	7.99363506780796840E-1
5.05400000000000027E9	8.00542166977811931E-1
5.05700000000000038E9	8.01723157511527162E-1
5.06000000000000050E9	8.02906267591742662E-1
5.06300000000000061E9	8.04091283643904120E-1
5.06600000000000072E9	8.05277989330254940E-1
5.06899999999999995E9	8.06466165573063343E-1
5.07200000000000006E9	8.07655590579980931E-1
5.07500000000000018E9	8.08846039871575861E-1
5.07800000000000029E9	8.10037286311105653E-1
5.08100000000000041E9	8.11229100136540637E-1
5.08399999999999963E9	8.12421248994921541E-1
5.08699999999999974E9	8.13613497979074829E-1
5.08999999999999986E9	8.14805609666739450E-1
5.09299999999999997E9	8.15997344162124882E-1
5.09600000000000009E9	8.17188459139983614E-1
5.09899999999999931E9	8.18378709892197165E-1
5.10199999999999942E9	8.19567849376930546E-1
5.10499999999999954E9	8.20755628270391391E-1
5.10799999999999965E9	8.21941795021228927E-1
5.11099999999999977E9	8.23126095907594824E-1
5.11399999999999988E9	8.24308275096912801E-1
5.11699999999999999E9	8.25488074708377084E-1
5.12000000000000011E9	8.26665234878188215E-1
5.12299999999999933E9	8.27839493827588058E-1
5.12600000000000033E9	8.29010587933685450E-1
5.12899999999999956E9	8.30178251803096323E-1
5.13200000000000056E9	8.31342218348408579E-1
5.13499999999999979E9	8.32502218867523069E-1
5.13799999999999990E9	8.33657983125808855E-1
5.14100000000000001E9	8.34809239441154105E-1
5.14400000000000013E9	8.35955714771865743E-1
5.14700000000000024E9	8.37097134807444654E-1
5.15000000000000036E9	8.38233224062214433E-1
5.15299999999999958E9	8.39363705971816820E-1
5.15600000000000058E9	8.40488302992553571E-1
5.15899999999999981E9	8.41606736703543135E-1
5.16200000000000081E9	8.42718727911727683E-1
5.16500000000000004E9	8.43823996759634198E-1
5.16799999999999926E9	8.44922262835932081E-1
5.17100000000000026E9	8.46013245288719595E-1
5.17399999999999949E9	8.47096662941504164E-1
5.17700000000000049E9	8.48172234411881298E-1
5.17999999999999972E9	8.49239678232787121E-1
5.18299999999999983E9	8.50298712976386817E-1
5.18599999999999994E9	8.51349057380443597E-1
5.18900000000000006E9	8.52390430477184680E-1
5.19200000000000017E9	8.53422551724561984E-1
5.19500000000000028E9	8.54445141139883546E-1
5.19799999999999951E9	8.55457919435695580E-1
5.20100000000000051E9	8.56460608157883385E-1
5.20399999999999974E9	8.57452929825905485E-1
5.20700000000000074E9	8.58434608075056005E-1
5.20999999999999996E9	8.59405367800693298E-1
5.21299999999999919E9	8.60364935304328782E-1
5.21600000000000019E9	8.61313038441490875E-1
5.21899999999999942E9	8.62249406771253035E-1
5.22200000000000042E9	8.63173771707322679E-1
5.22499999999999964E9	8.64085866670586178E-1
5.22799999999999976E9	8.64985427242996074E-1
5.23099999999999987E9	8.65872191322674389E-1
5.23399999999999999E9	8.66745899280121890E-1
5.23700000000000010E9	8.67606294115393517E-1
5.24000000000000021E9	8.68453121616132506E-1
5.24299999999999944E9	8.69286130516299238E-1
5.24600000000000044E9	8.70105072655478118E-1
5.24899999999999967E9	8.70909703138621971E-1
5.25200000000000067E9	8.71699780496085985E-1
5.25499999999999989E9	8.72475066843789548E-1
5.25800000000000001E9	8.73235328043386261E-1
5.26100000000000012E9	8.73980333862263237E-1
5.26400000000000023E9	8.74709858133226348E-1
5.26700000000000035E9	8.75423678913704784E-1
5.27000000000000046E9	8.76121578644340104E-1
5.27299999999999969E9	8.76803344306746624E-1
5.27600000000000069E9	8.77468767580349152E-1
5.27899999999999991E9	8.78117644998064684E-1
5.28200000000000092E9	8.78749778100711332E-1
5.28500000000000014E9	8.79364973589960819E-1
5.28799999999999937E9	8.79963043479653173E-1
5.29100000000000037E9	8.80543805245334887E-1
5.29399999999999959E9	8.81107081971815020E-1
5.29700000000000060E9	8.81652702498626439E-1
5.29999999999999982E9	8.82180501563155772E-1
5.30299999999999905E9	8.82690319941327317E-1
5.30600000000000005E9	8.83182004585680147E-1
5.30899999999999928E9	8.83655408760620276E-1
5.31200000000000028E9	8.84110392174742543E-1
5.31499999999999950E9	8.84546821110036419E-1
5.31799999999999962E9	8.84964568547823127E-1
5.32099999999999973E9	8.85363514291266185E-1
5.32399999999999984E9	8.85743545084309858E-1
5.32699999999999996E9	8.86104554726892601E-1
5.33000000000000007E9	8.86446444186290528E-1
5.33300000000000018E9	8.86769121704450214E-1
5.33600000000000030E9	8.87072502901175497E-1
5.33900000000000041E9	8.87356510873046922E-1
5.34200000000000053E9	8.87621076287901722E-1
5.34500000000000064E9	8.87866137474832406E-1
5.34799999999999986E9	8.88091640509495228E-1
5.35100000000000087E9	8.88297539294687866E-1
5.35400000000000009E9	8.88483795636050999E-1
5.35700000000000109E9	8.88650379312809591E-1
5.36000000000000032E9	8.88797268143459718E-1
5.36299999999999955E9	8.88924448046301485E-1
5.36600000000000055E9	8.89031913094761173E-1
5.36899999999999977E9	8.89119665567404383E-1
5.37200000000000077E9	8.89187715992583350E-1
5.37500000000000000E9	8.89236083187664050E-1
5.37799999999999923E9	8.89264794292788707E-1
5.38100000000000023E9	8.89273884799077052E-1
5.38399999999999945E9	8.89263398571326213E-1
5.38700000000000045E9	8.89233387865073333E-1
5.38999999999999968E9	8.89183913338081311E-1
5.39299999999999891E9	8.89115044056180537E-1
5.39599999999999991E9	8.89026857493498746E-1
5.39899999999999913E9	8.88919439527049704E-1
5.40200000000000014E9	8.88792884425716423E-1
5.40499999999999936E9	8.88647294833631207E-1
5.40799999999999947E9	8.88482781747973327E-1
5.41099999999999959E9	8.88299464491240265E-1
5.41399999999999970E9	8.88097470678013678E-1
5.41699999999999982E9	8.87876936176270704E-1
5.41999999999999993E9	8.87638005063311475E-1
5.42300000000000004E9	8.87380829576343721E-1
5.42600000000000016E9	8.87105570057824799E-1
5.42900000000000027E9	8.86812394895606104E-1
5.43200000000000038E9	8.86501480457994440E-1
5.43500000000000050E9	8.86173011023812585E-1
5.43799999999999972E9	8.85827178707543617E-1
5.44100000000000072E9	8.85464183379684400E-1
5.44399999999999995E9	8.85084232582427788E-1
5.44700000000000095E9	8.84687541440742287E-1
5.45000000000000018E9	8.84274332569042443E-1
5.45299999999999940E9	8.83844835973520659E-1
5.45600000000000041E9	8.83399288950302264E-1
5.45899999999999963E9	8.82937935979565225E-1
5.46200000000000063E9	8.82461028615758991E-1
5.46499999999999986E9	8.81968825374060117E-1
5.46799999999999908E9	8.81461591613254924E-1
5.47100000000000009E9	8.80939599415154007E-1
5.47399999999999931E9	8.80403127460751911E-1
5.47700000000000031E9	8.79852460903239475E-1
5.47999999999999954E9	8.79287891238094765E-1
5.48299999999999965E9	8.78709716170361688E-1
5.48599999999999977E9	8.78118239479326590E-1
5.48899999999999988E9	8.77513770880757349E-1
5.49199999999999999E9	8.76896625886865877E-1
5.49500000000000011E9	8.76267125664178437E-1
5.49799999999999933E9	8.75625596889490865E-1
5.50100000000000033E9	8.74972371604082433E-1
5.50399999999999956E9	8.74307787066364028E-1
5.50700000000000056E9	8.73632185603137223E-1
5.50999999999999979E9	8.72945914459642225E-1
5.51299999999999990E9	8.72249325648569140E-1
5.51600000000000001E9	8.71542775798196701E-1
5.51900000000000013E9	8.70826625999869819E-1
5.52200000000000024E9	8.70101241654905877E-1
5.52500000000000036E9	8.69366992321210574E-1
5.52799999999999958E9	8.68624251559661786E-1
5.53100000000000058E9	8.67873396780502659E-1
5.53399999999999981E9	8.67114809089861538E-1
5.53700000000000081E9	8.66348873136585773E-1
5.54000000000000004E9	8.65575976959529214E-1
5.54299999999999926E9	8.64796511835418968E-1
5.54600000000000026E9	8.64010872127528273E-1
5.54899999999999949E9	8.63219455135211078E-1
5.55200000000000049E9	8.62422660944486275E-1
5.55499999999999972E9	8.61620892279795214E-1
5.55799999999999983E9	8.60814554357077277E-1
5.56099999999999994E9	8.60004054738253210E-1
5.56400000000000006E9	8.59189803187277157E-1
5.56700000000000017E9	8.58372211527862561E-1
5.57000000000000028E9	8.57551693502963808E-1
5.57299999999999951E9	8.56728664636173498E-1
5.57600000000000051E9	8.55903542095074421E-1
5.57899999999999974E9	8.55076744556694557E-1
5.58200000000000074E9	8.54248692075122129E-1
5.58499999999999996E9	8.53419805951353894E-1
5.58799999999999919E9	8.52590508605513264E-1
5.59100000000000019E9	8.51761223451419802E-1
5.59399999999999942E9	8.50932374773652533E-1
5.59700000000000042E9	8.50104387607133560E-1
5.59999999999999964E9	8.49277687619274602E-1
5.60299999999999976E9	8.48452700994759823E-1
5.60599999999999987E9	8.47629854322981480E-1
5.60899999999999999E9	8.46809574488180772E-1
5.61200000000000010E9	8.45992288562306172E-1
5.61500000000000021E9	8.45178423700625281E-1
5.61799999999999944E9	8.44368407040091640E-1
5.62100000000000044E9	8.43562665600491712E-1
5.62399999999999967E9	8.42761626188342916E-1
5.62700000000000067E9	8.41965715303595275E-1
5.62999999999999989E9	8.41175359049059423E-1
5.63300000000000001E9	8.40390983042592232E-1
5.63600000000000012E9	8.39613012332011621E-1
5.63900000000000023E9	8.38841871312664189E-1
5.64200000000000035E9	8.38077983647693969E-1
5.64500000000000046E9	8.37321772190891700E-1
5.64799999999999969E9	8.36573658912119811E-1
5.65100000000000069E9	8.35834064825235856E-1
5.65399999999999991E9	8.35103409918475137E-1
5.65700000000000092E9	8.34382113087207600E-1
5.66000000000000014E9	8.33670592068996896E-1
5.66299999999999937E9	8.32969263380883262E-1
5.66600000000000037E9	8.32278542258816856E-1
5.66899999999999959E9	8.31598842599112231E-1
5.67200000000000060E9	8.30930576901866402E-1
5.67499999999999982E9	8.30274156216206194E-1
5.67799999999999905E9	8.29629990087252267E-1
5.68100000000000005E9	8.28998486504694654E-1
5.68399999999999928E9	8.28380051852841426E-1
5.68700000000000028E9	8.27775090862012064E-1
5.68999999999999950E9	8.27184006561120277E-1
5.69299999999999962E9	8.26607200231325301E-1
5.69599999999999973E9	8.26045071360575633E-1
5.69899999999999984E9	8.25498017598872380E-1
5.70199999999999996E9	8.24966434714126606E-1
5.70500000000000007E9	8.24450716548383866E-1
5.70800000000000018E9	8.23951254974246083E-1
5.71100000000000030E9	8.23468439851322032E-1
5.71400000000000041E9	8.23002658982470514E-1
5.71700000000000053E9	8.22554298069636047E-1
5.72000000000000064E9	8.22123740669072767E-1
5.72299999999999986E9	8.21711368145711596E-1
5.72600000000000087E9	8.21317559626444016E-1
5.72900000000000009E9	8.20942691952059356E-1
5.73200000000000109E9	8.20587139627611251E-1
5.73500000000000032E9	8.20251274770909511E-1
5.73799999999999955E9	8.19935467058884981E-1
5.74100000000000055E9	8.19640083671533048E-1
5.74399999999999977E9	8.19365489233130795E-1
5.74700000000000077E9	8.19112045750427598E-1
5.75000000000000000E9	8.18880112547473260E-1
5.75299999999999923E9	8.18670046196759671E-1
5.75600000000000023E9	8.18482200446322672E-1
5.75899999999999945E9	8.18316926142430390E-1
5.76200000000000045E9	8.18174571147510754E-1
5.76499999999999968E9	8.18055480252890277E-1
5.76799999999999891E9	8.17959995085964664E-1
5.77099999999999991E9	8.17888454011364452E-1
5.77399999999999913E9	8.17841192025690056E-1
5.77700000000000014E9	8.17818540645342651E-1
5.77999999999999936E9	8.17820827786988858E-1
5.78299999999999947E9	8.17848377640156876E-1
5.78599999999999959E9	8.17901510531477172E-1
5.78899999999999970E9	8.17980542779995190E-1
5.79199999999999982E9	8.18085786543043092E-1
5.79499999999999993E9	8.18217549652067433E-1
5.79800000000000004E9	8.18376135437832808E-1
5.80100000000000016E9	8.18561842544380092E-1
5.80400000000000027E9	8.18774964731087174E-1
5.80700000000000038E9	8.19015790662168719E-1
5.81000000000000050E9	8.19284603682934254E-1
5.81299999999999972E9	8.19581681582055310E-1
5.81600000000000072E9	8.19907296339118830E-1
5.81899999999999995E9	8.20261713856683983E-1
5.82200000000000095E9	8.20645193676040563E-1
5.82500000000000018E9	8.21057988675821626E-1
5.82799999999999940E9	8.21500344752605827E-1
5.83100000000000041E9	8.21972500482669588E-1
5.83399999999999963E9	8.22474686763839458E-1
5.83700000000000063E9	8.23007126436628056E-1
5.83999999999999986E9	8.23570033883541086E-1
5.84299999999999908E9	8.24163614605605233E-1
5.84600000000000009E9	8.24788064775003704E-1
5.84899999999999931E9	8.25443570762746504E-1
5.85200000000000031E9	8.26130308640262001E-1
5.85499999999999954E9	8.26848443653677379E-1
5.85799999999999965E9	8.27598129669664928E-1
5.86099999999999977E9	8.28379508591559421E-1
5.86399999999999988E9	8.29192709744473611E-1
5.86699999999999999E9	8.30037849228160951E-1
5.87000000000000011E9	8.30915029236208369E-1
5.87299999999999933E9	8.31824337340223252E-1
5.87600000000000033E9	8.32765845737624488E-1
5.87899999999999956E9	8.33739610461542036E-1
5.88200000000000056E9	8.34745670551433072E-1
5.88499999999999979E9	8.35784047182853662E-1
5.88799999999999990E9	8.36854742754919378E-1
5.89100000000000001E9	8.37957739933892398E-1
5.89400000000000013E9	8.39093000651349463E-1
5.89700000000000024E9	8.40260465055363603E-1
5.90000000000000036E9	8.41460050413122040E-1
5.90299999999999958E9	8.42691649963406952E-1
5.90600000000000058E9	8.43955131717356188E-1
5.90899999999999981E9	8.45250337205937896E-1
5.91200000000000081E9	8.46577080172613350E-1
5.91500000000000004E9	8.47935145209629582E-1
5.91799999999999926E9	8.49324286336477563E-1
5.92100000000000026E9	8.50744225519087216E-1
5.92399999999999949E9	8.52194651128342429E-1
5.92700000000000049E9	8.53675216336633191E-1
5.92999999999999972E9	8.55185537451217392E-1
5.93299999999999983E9	8.56725192183237994E-1
5.93599999999999994E9	8.58293717851435645E-1
5.93900000000000006E9	8.59890609519636762E-1
5.94200000000000017E9	8.61515318067346669E-1
5.94500000000000028E9	8.63167248192871739E-1
5.94799999999999951E9	8.64845756348677597E-1
5.95100000000000051E9	8.66550148608861903E-1
5.95399999999999974E9	8.68279678468891269E-1
5.95700000000000074E9	8.70033544578074824E-1
5.95999999999999996E9	8.71810888405504869E-1
5.96299999999999919E9	8.73610791840596690E-1
5.96600000000000019E9	8.75432274729760351E-1
5.96899999999999942E9	8.77274292351106055E-1
5.97200000000000042E9	8.79135732829629468E-1
5.97499999999999964E9	8.81015414495809956E-1
5.97799999999999976E9	8.82912083191090780E-1
5.98099999999999987E9	8.84824409524398092E-1
5.98399999999999999E9	8.86750986084437187E-1
5.98700000000000010E9	8.88690324613279081E-1
5.99000000000000021E9	8.90640853147514377E-1
5.99299999999999944E9	8.92600913134054252E-1
5.99600000000000044E9	8.94568756528589581E-1
5.99899999999999967E9	8.96542542885659799E-1
6.00200000000000067E9	8.98520336450250490E-1
6.00499999999999989E9	9.00500103262005780E-1
6.00800000000000001E9	9.02479708284175075E-1
6.01100000000000012E9	9.04456912570681659E-1
6.01400000000000023E9	9.06429370485921382E-1
6.01700000000000035E9	9.08394626993245602E-1
6.02000000000000046E9	9.10350115029387119E-1
6.02299999999999969E9	9.12293152983591860E-1
6.02600000000000069E9	9.14220942301586526E-1
6.02899999999999991E9	9.16130565236092664E-1
6.03200000000000092E9	9.18018982767056180E-1
6.03500000000000014E9	9.19883032716352922E-1
6.03799999999999937E9	9.21719428083271630E-1
6.04100000000000037E9	9.23524755628600325E-1
6.04399999999999959E9	9.25295474736705970E-1
6.04700000000000060E9	9.27027916586465750E-1
6.04999999999999982E9	9.28718283663330624E-1
6.05299999999999905E9	9.30362649646196616E-1
6.05600000000000005E9	9.31956959703921584E-1
6.05899999999999928E9	9.33497031237582497E-1
6.06200000000000028E9	9.34978555105386278E-1
6.06499999999999950E9	9.36397097368004339E-1
6.06799999999999962E9	9.37748101592675809E-1
6.07099999999999973E9	9.39026891754625659E-1
6.07399999999999984E9	9.40228675774471157E-1
6.07699999999999996E9	9.41348549729868012E-1
6.08000000000000007E9	9.42381502779027258E-1
6.08300000000000018E9	9.43322422832590135E-1
6.08600000000000030E9	9.44166103008836544E-1
6.08900000000000041E9	9.44907248905157537E-1
6.09200000000000053E9	9.45540486716173589E-1
6.09500000000000064E9	9.46060372225766599E-1
6.09799999999999986E9	9.46461400696622945E-1
6.10100000000000087E9	9.46738017676540800E-1
6.10400000000000009E9	9.46884630735800670E-1
6.10700000000000109E9	9.46895622144337246E-1
6.11000000000000032E9	9.46765362491105833E-1
6.11299999999999955E9	9.46488225241181880E-1
6.11600000000000055E9	9.46058602218473332E-1
6.11899999999999977E9	9.45470919993783632E-1
6.12200000000000077E9	9.44719657149054193E-1
6.12500000000000000E9	9.43799362379374607E-1
6.12799999999999923E9	9.42704673384379177E-1
6.13100000000000023E9	9.41430336490465436E-1
6.13399999999999945E9	9.39971226934658688E-1
6.13700000000000045E9	9.38322369730168582E-1
6.13999999999999968E9	9.36478961022767997E-1
6.14299999999999891E9	9.34436389836338677E-1
6.14599999999999991E9	9.32190260095233114E-1
6.14899999999999913E9	9.29736412800861345E-1
6.15200000000000014E9	9.27070948230140601E-1
6.15499999999999936E9	9.24190248014425819E-1
6.15799999999999947E9	9.21090996949363650E-1
6.16099999999999959E9	9.17770204379114318E-1
6.16399999999999970E9	9.14225224992541285E-1
6.16699999999999982E9	9.10453778864668273E-1
6.16999999999999993E9	9.06453970573980783E-1
6.17300000000000004E9	9.02224307225159450E-1
6.17600000000000016E9	8.97763715207854140E-1
6.17900000000000027E9	8.93071555524989158E-1
6.18200000000000038E9	8.88147637529260336E-1
6.18500000000000050E9	8.82992230913564846E-1
6.18799999999999972E9	8.77606075810627573E-1
6.19100000000000072E9	8.71990390868466037E-1
6.19399999999999995E9	8.66146879182030816E-1
6.19700000000000095E9	8.60077731976864257E-1
6.20000000000000018E9	8.53785629958034953E-1
6.20299999999999940E9	8.47273742256656703E-1
6.20600000000000041E9	8.40545722926737326E-1
6.20899999999999963E9	8.33605704966752725E-1
6.21200000000000063E9	8.26458291862833505E-1
6.21499999999999986E9	8.19108546673496107E-1
6.21799999999999908E9	8.11561978699219466E-1
6.22100000000000009E9	8.03824527803229039E-1
6.22399999999999931E9	7.95902546472718075E-1
6.22700000000000031E9	7.87802779731509872E-1
6.22999999999999954E9	7.79532343035987552E-1
6.23299999999999965E9	7.71098698305388996E-1
6.23599999999999977E9	7.62509628255091609E-1
6.23899999999999988E9	7.53773209216969065E-1
6.24199999999999999E9	7.44897782644179784E-1
6.24500000000000011E9	7.35891925508486011E-1
6.24799999999999933E9	7.26764419806448547E-1
6.25100000000000033E9	7.17524221396370798E-1
6.25399999999999956E9	7.08180428390706407E-1
6.25700000000000056E9	6.98742249328716181E-1
6.25999999999999979E9	6.89218971351741683E-1
6.26299999999999990E9	6.79619928598294720E-1
6.26600000000000001E9	6.69954471028818510E-1
6.26900000000000013E9	6.60231933880173738E-1
6.27200000000000024E9	6.50461607938356146E-1
6.27500000000000036E9	6.40652710804495307E-1
6.27799999999999958E9	6.30814359314219697E-1
6.28100000000000058E9	6.20955543254398101E-1
6.28399999999999981E9	6.11085100504208611E-1
6.28700000000000081E9	6.01211693709698736E-1
6.29000000000000004E9	5.91343788583018792E-1
6.29299999999999926E9	5.81489633899251235E-1
6.29600000000000026E9	5.71657243245804469E-1
6.29899999999999949E9	5.61854378561624479E-1
6.30200000000000049E9	5.52088535486586629E-1
6.30499999999999972E9	5.42366930525043589E-1
6.30799999999999983E9	5.32696490012435664E-1
6.31099999999999994E9	5.23083840859510207E-1
6.31400000000000006E9	5.13535303035849378E-1
6.31700000000000017E9	5.04056883742714845E-1
6.32000000000000028E9	4.94654273214789519E-1
6.32299999999999951E9	4.85332842081488725E-1
6.32600000000000051E9	4.76097640210807160E-1
6.32899999999999974E9	4.66953396952471245E-1
6.33200000000000074E9	4.57904522692110039E-1
6.33499999999999996E9	4.48955111624489689E-1
6.33799999999999919E9	4.40108945651355032E-1
6.34100000000000019E9	4.31369499307961402E-1
6.34399999999999942E9	4.22739945622082924E-1
6.34700000000000042E9	4.14223162809724244E-1
6.34999999999999964E9	4.05821741713366357E-1
6.35299999999999976E9	3.97537993890496910E-1
6.35599999999999987E9	3.89373960263148966E-1
6.35899999999999999E9	3.81331420242465757E-1
6.36200000000000010E9	3.73411901246080369E-1
6.36500000000000021E9	3.65616688530349965E-1
6.36799999999999944E9	3.57946835263892105E-1
6.37100000000000044E9	3.50403172773569249E-1
6.37399999999999967E9	3.42986320898882369E-1
6.37700000000000067E9	3.35696698395598592E-1
6.37999999999999989E9	3.28534533334339152E-1
6.38300000000000001E9	3.21499873444731854E-1
6.38600000000000012E9	3.14592596360462062E-1
6.38900000000000023E9	3.07812419725215403E-1
6.39200000000000035E9	3.01158911124088435E-1
6.39500000000000046E9	2.94631497809168197E-1
6.39799999999999969E9	2.88229476192300327E-1
6.40100000000000069E9	2.81952021081821957E-1
6.40399999999999903E9	2.75798194643755812E-1
6.40700000000000092E9	2.69766955071361680E-1
6.40999999999999925E9	2.63857164950147549E-1
6.41299999999999937E9	2.58067599308359918E-1
6.41599999999999948E9	2.52396953345697650E-1
6.41899999999999959E9	2.46843849835439588E-1
6.42199999999999971E9	2.41406846197401981E-1
6.42499999999999982E9	2.36084441241203136E-1
6.42799999999999994E9	2.30875081581041153E-1
6.43100000000000005E9	2.25777167724842487E-1
6.43400000000000016E9	2.20789059842030833E-1
6.43700000000000028E9	2.15909083215376141E-1
6.44000000000000039E9	2.11135533383454010E-1
6.44299999999999962E9	2.06466680981148354E-1
6.44600000000000062E9	2.01900776286374084E-1
6.44899999999999984E9	1.97436053481828644E-1
6.45200000000000085E9	1.93070734641068897E-1
6.45500000000000007E9	1.88803033448615665E-1
6.45800000000000018E9	1.84631158664064521E-1
6.46100000000000030E9	1.80553317340366726E-1
6.46400000000000041E9	1.76567717806599322E-1
6.46700000000000053E9	1.72672572425539705E-1
6.47000000000000064E9	1.68866100136379860E-1
6.47299999999999898E9	1.65146528792811531E-1
6.47600000000000087E9	1.61512097306623659E-1
6.47899999999999920E9	1.57961057606736710E-1
6.48200000000000109E9	1.54491676423460711E-1
6.48499999999999943E9	1.51102236907474019E-1
6.48799999999999955E9	1.47791040092808945E-1
6.49099999999999966E9	1.44556406212826394E-1
6.49399999999999977E9	1.41396675877879718E-1
6.49699999999999989E9	1.38310211123066562E-1
6.50000000000000000E9	1.35295396334150375E-1
6.50300000000000011E9	1.32350639059414110E-1
6.50600000000000023E9	1.29474370714886189E-1
6.50900000000000034E9	1.26665047190067215E-1
6.51200000000000045E9	1.23921149360940674E-1
6.51500000000000057E9	1.21241183516752526E-1
6.51799999999999891E9	1.18623681706736961E-1
6.52100000000000080E9	1.16067202012615889E-1
6.52399999999999913E9	1.13570328752450811E-1
6.52700000000000102E9	1.11131672621093114E-1
6.52999999999999936E9	1.08749870772211188E-1
6.53299999999999947E9	1.06423586846587837E-1
6.53599999999999959E9	1.04151510951117832E-1
6.53899999999999970E9	1.01932359592676924E-1
6.54199999999999982E9	9.97648755707789370E-2
6.54499999999999993E9	9.76478278327149063E-2
6.54799999999999915E9	9.55800112946201352E-2
6.55100000000000016E9	9.35602466317149428E-2
6.55399999999999938E9	9.15873800407442928E-2
6.55700000000000038E9	8.96602829774473342E-2
6.55999999999999961E9	8.77778518717098599E-2
6.56299999999999972E9	8.59390078228487830E-2
6.56599999999999984E9	8.41426962773359222E-2
6.56899999999999995E9	8.23878866910864716E-2
6.57200000000000006E9	8.06735721782993309E-2
6.57500000000000018E9	7.89987691486813404E-2
6.57800000000000029E9	7.73625169347623487E-2
6.58100000000000041E9	7.57638774108731106E-2
6.58400000000000052E9	7.42019346052368434E-2
6.58700000000000063E9	7.26757943065193857E-2
6.59000000000000075E9	7.11845836660706244E-2
6.59299999999999908E9	6.97274507969868118E-2
6.59600000000000097E9	6.83035643710408635E-2
6.59899999999999931E9	6.69121132144304731E-2
6.60200000000000120E9	6.55523059032121402E-2
6.60499999999999954E9	6.42233703592187943E-2
6.60799999999999965E9	6.29245534471801626E-2
6.61099999999999977E9	6.16551205737052221E-2
6.61399999999999988E9	6.04143552887150115E-2
6.61699999999999999E9	5.92015588898632217E-2
6.62000000000000011E9	5.80160500304259941E-2
6.62299999999999933E9	5.68571643310906616E-2
6.62600000000000033E9	5.57242539960282990E-2
6.62899999999999956E9	5.46166874335895969E-2
6.63200000000000056E9	5.35338488819271063E-2
6.63499999999999979E9	5.24751380398063461E-2
6.63799999999999990E9	5.14399697028342207E-2
6.64100000000000001E9	5.04277734053088178E-2
6.64400000000000013E9	4.94379930678481117E-2
6.64700000000000024E9	4.84700866509518669E-2
6.65000000000000036E9	4.75235258146050654E-2
6.65300000000000047E9	4.65977955840209646E-2
6.65600000000000058E9	4.56923940215989610E-2
6.65900000000000070E9	4.48068319051475505E-2
6.66200000000000081E9	4.39406324124127945E-2
6.66500000000000092E9	4.30933308119337255E-2
6.66799999999999926E9	4.22644741602288487E-2
6.67100000000000115E9	4.14536210053104170E-2
6.67399999999999949E9	4.06603410965054124E-2
6.67700000000000138E9	3.98842151005569434E-2
6.67999999999999972E9	3.91248343239636265E-2
6.68299999999999983E9	3.83818004415136205E-2
6.68599999999999994E9	3.76547252309540825E-2
6.68900000000000006E9	3.69432303137348983E-2
6.69200000000000017E9	3.62469469017590828E-2
6.69500000000000028E9	3.55655155500645481E-2
6.69799999999999862E9	3.48985859153567990E-2
6.70100000000000051E9	3.42458165203129949E-2
6.70399999999999885E9	3.36068745235666499E-2
6.70700000000000074E9	3.29814354952848365E-2
6.70999999999999908E9	3.23691831982447731E-2
6.71299999999999919E9	3.17698093743151944E-2
6.71599999999999930E9	3.11830135362442595E-2
6.71899999999999942E9	3.06085027646580521E-2
6.72199999999999953E9	3.00459915101671271E-2
6.72499999999999964E9	2.94952014004858842E-2
6.72799999999999976E9	2.89558610524575855E-2
6.73099999999999987E9	2.84277058888900225E-2
6.73399999999999999E9	2.79104779600971620E-2
6.73700000000000010E9	2.74039257700466887E-2
6.74000000000000021E9	2.69078041070141882E-2
6.74299999999999944E9	2.64218738786432628E-2
6.74600000000000044E9	2.59459019513109634E-2
6.74899999999999967E9	2.54796609937031437E-2
6.75200000000000067E9	2.50229293244987661E-2
6.75499999999999989E9	2.45754907640696318E-2
6.75800000000000001E9	2.41371344900987372E-2
6.76100000000000012E9	2.37076548970237067E-2
6.76400000000000023E9	2.32868514592115794E-2
6.76700000000000035E9	2.28745285977764823E-2
6.77000000000000046E9	2.24704955509463389E-2
6.77299999999999880E9	2.20745662478930438E-2
6.77600000000000069E9	2.16865591859385054E-2
6.77899999999999903E9	2.13062973110506304E-2
6.78200000000000092E9	2.09336079015462229E-2
6.78499999999999925E9	2.05683224549182819E-2
6.78799999999999937E9	2.02102765777071003E-2
6.79099999999999948E9	1.98593098783366617E-2
6.79399999999999959E9	1.95152658628386932E-2
6.79699999999999971E9	1.91779918333884525E-2
6.79999999999999982E9	1.88473387895795041E-2
6.80299999999999994E9	1.85231613323634225E-2
6.80600000000000005E9	1.82053175705844739E-2
6.80900000000000016E9	1.78936690300412815E-2
6.81200000000000028E9	1.75880805650053684E-2
6.81500000000000039E9	1.72884202721328983E-2
6.81799999999999962E9	1.69945594067042727E-2
6.82100000000000062E9	1.67063723011287291E-2
6.82399999999999984E9	1.64237362856526303E-2
6.82700000000000085E9	1.61465316112122803E-2
6.83000000000000007E9	1.58746413743718584E-2
6.83300000000000018E9	1.56079514442903422E-2
6.83600000000000030E9	1.53463503916622002E-2
6.83900000000000041E9	1.50897294195767184E-2
6.84200000000000053E9	1.48379822962450336E-2
6.84500000000000064E9	1.45910052895417253E-2
6.84799999999999898E9	1.43486971033124178E-2
6.85100000000000087E9	1.41109588153986953E-2
6.85399999999999920E9	1.38776938173319442E-2
6.85700000000000109E9	1.36488077556508758E-2
6.85999999999999943E9	1.34242084747981716E-2
6.86299999999999955E9	1.32038059615513603E-2
6.86599999999999966E9	1.29875122909469809E-2
6.86899999999999977E9	1.27752415736554648E-2
6.87199999999999989E9	1.25669099047668564E-2
6.87500000000000000E9	1.23624353139490362E-2
6.87800000000000011E9	1.21617377169388963E-2
6.88100000000000023E9	1.19647388683310174E-2
6.88400000000000034E9	1.17713623156267855E-2
6.88700000000000045E9	1.15815333545093635E-2
6.89000000000000057E9	1.13951789853102570E-2
6.89299999999999891E9	1.12122278706353051E-2
6.89600000000000080E9	1.10326102941161541E-2
6.89899999999999913E9	1.08562581202577624E-2
6.90200000000000102E9	1.06831047553506053E-2
6.90499999999999936E9	1.05130851094178834E-2
6.90799999999999947E9	1.03461355591697468E-2
6.91099999999999959E9	1.01821939119360949E-2
6.91399999999999970E9	1.00211993705507951E-2
6.91699999999999982E9	9.86309249916122077E-3
6.91999999999999993E9	9.70781518993745429E-3
6.92299999999999915E9	9.55531063065599895E-3
6.92600000000000016E9	9.40552327313431391E-3
6.92899999999999938E9	9.25839880249189662E-3
6.93200000000000038E9	9.11388410721576570E-3
6.93499999999999961E9	8.97192725000807378E-3
6.93799999999999972E9	8.83247743939374885E-3
6.94099999999999984E9	8.69548500206781938E-3
6.94399999999999995E9	8.56090135596168267E-3
6.94700000000000006E9	8.42867898400876570E-3
6.95000000000000018E9	8.29877140859003148E-3
6.95300000000000029E9	8.17113316664126543E-3
6.95600000000000041E9	8.04571978540333177E-3
6.95900000000000052E9	7.92248775879794120E-3
6.96200000000000063E9	7.80139452441234393E-3
6.96500000000000075E9	7.68239844107537895E-3
6.96799999999999908E9	7.56545876700955588E-3
6.97100000000000097E9	7.45053563854294509E-3
6.97399999999999931E9	7.33759004936568893E-3
6.97700000000000120E9	7.22658383031686835E-3
6.97999999999999954E9	7.11747962968612136E-3
6.98299999999999965E9	7.01024089401730421E-3
6.98599999999999977E9	6.90483184939971650E-3
6.98899999999999988E9	6.80121748323417030E-3
6.99199999999999999E9	6.69936352646068745E-3
6.99500000000000011E9	6.59923643623564260E-3
6.99799999999999933E9	6.50080337904612904E-3
7.00100000000000033E9	6.40403221424955404E-3
7.00399999999999956E9	6.30889147802750205E-3
7.00700000000000056E9	6.21535036774215399E-3
7.00999999999999979E9	6.12337872668502481E-3
7.01299999999999990E9	6.03294702920693648E-3
7.01600000000000001E9	5.94402636621940417E-3
7.01900000000000013E9	5.85658843105765126E-3
7.02200000000000024E9	5.77060550569500474E-3
7.02500000000000036E9	5.68605044729993025E-3
7.02800000000000047E9	5.60289667512622103E-3
7.03100000000000058E9	5.52111815772760117E-3
7.03400000000000070E9	5.44068940048817851E-3
7.03700000000000081E9	5.36158543346028971E-3
7.04000000000000092E9	5.28378179950178861E-3
7.04299999999999926E9	5.20725454270452115E-3
7.04600000000000115E9	5.13198019710672693E-3
7.04899999999999949E9	5.05793577568164476E-3
7.05200000000000138E9	4.98509875959505244E-3
7.05499999999999972E9	4.91344708772485372E-3
7.05799999999999983E9	4.84295914643559477E-3
7.06099999999999994E9	4.77361375960160572E-3
7.06400000000000006E9	4.70539017887189015E-3
7.06700000000000017E9	4.63826807417062703E-3
7.07000000000000028E9	4.57222752442736180E-3
7.07299999999999862E9	4.50724900853038957E-3
7.07600000000000051E9	4.44331339649817814E-3
7.07899999999999885E9	4.38040194086269175E-3
7.08200000000000074E9	4.31849626825930866E-3
7.08499999999999908E9	4.25757837121819360E-3
7.08799999999999919E9	4.19763060015144607E-3
7.09099999999999930E9	4.13863565553162971E-3
7.09399999999999942E9	4.08057658025614245E-3
7.09699999999999953E9	4.02343675219311603E-3
7.09999999999999964E9	3.96719987690393738E-3
7.10299999999999976E9	3.91184998053811661E-3
7.10599999999999987E9	3.85737140289577107E-3
7.10899999999999999E9	3.80374879065379812E-3
7.11200000000000010E9	3.75096709075133639E-3
7.11500000000000021E9	3.69901154393067211E-3
7.11799999999999944E9	3.64786767842936799E-3
7.12100000000000044E9	3.59752130382019475E-3
7.12399999999999967E9	3.54795850499472198E-3
7.12700000000000067E9	3.49916563628719635E-3
7.12999999999999989E9	3.45112931573518411E-3
7.13300000000000001E9	3.40383641947334104E-3
7.13600000000000012E9	3.35727407625725727E-3
7.13900000000000023E9	3.31142966211380863E-3
7.14200000000000035E9	3.26629079511518716E-3
7.14500000000000046E9	3.22184533027326392E-3
7.14799999999999880E9	3.17808135455133733E-3
7.15100000000000069E9	3.13498718199055304E-3
7.15399999999999903E9	3.09255134894781802E-3
7.15700000000000092E9	3.05076260944275290E-3
7.15999999999999925E9	3.00960993061079041E-3
7.16299999999999937E9	2.96908248825990473E-3
7.16599999999999948E9	2.92916966252837296E-3
7.16899999999999959E9	2.88986103364111635E-3
7.17199999999999971E9	2.85114637776213664E-3
7.17499999999999982E9	2.81301566294079208E-3
7.17799999999999994E9	2.77545904514957575E-3
7.18100000000000005E9	2.73846686441104570E-3
7.18400000000000016E9	2.70202964101201593E-3
7.18700000000000028E9	2.66613807180256934E-3
7.19000000000000039E9	2.63078302657806162E-3
7.19299999999999962E9	2.59595554454194932E-3
7.19600000000000062E9	2.56164683084765699E-3
7.19899999999999984E9	2.52784825321736184E-3
7.20200000000000085E9	2.49455133863606138E-3
7.20500000000000007E9	2.46174777011893298E-3
7.20800000000000018E9	2.42942938355033222E-3
7.21100000000000030E9	2.39758816459269264E-3
7.21400000000000041E9	2.36621624566360556E-3
7.21700000000000053E9	2.33530590297953555E-3
7.22000000000000064E9	2.30484955366447464E-3
7.22299999999999898E9	2.27483975292208118E-3
7.22600000000000087E9	2.24526919126979330E-3
7.22899999999999920E9	2.21613069183338141E-3
7.23200000000000109E9	2.18741720770052561E-3
7.23499999999999943E9	2.15912181933208958E-3
7.23799999999999955E9	2.13123773202964983E-3
7.24099999999999966E9	2.10375827345799271E-3
7.24399999999999977E9	2.07667689122131005E-3
7.24699999999999989E9	2.04998715049174862E-3
7.25000000000000000E9	2.02368273168920654E-3
7.25300000000000011E9	1.99775742821107349E-3
7.25600000000000023E9	1.97220514421080617E-3
7.25900000000000034E9	1.94701989242420170E-3
7.26200000000000045E9	1.92219579204222546E-3
7.26500000000000057E9	1.89772706662930402E-3
7.26799999999999891E9	1.87360804208614073E-3
7.27100000000000080E9	1.84983314465587467E-3
7.27399999999999913E9	1.82639689897266022E-3
7.27700000000000102E9	1.80329392615167117E-3
7.27999999999999936E9	1.78051894191963722E-3
7.28299999999999947E9	1.75806675478483099E-3
7.28599999999999959E9	1.73593226424580038E-3
7.28899999999999970E9	1.71411045903779025E-3
7.29199999999999982E9	1.69259641541606864E-3
7.29499999999999993E9	1.67138529547535497E-3
7.29799999999999915E9	1.65047234550439459E-3
7.30100000000000016E9	1.62985289437505054E-3
7.30399999999999938E9	1.60952235196500659E-3
7.30700000000000038E9	1.58947620761331865E-3
7.30999999999999961E9	1.56971002860823194E-3
7.31299999999999972E9	1.55021945870628808E-3
7.31599999999999984E9	1.53100021668221187E-3
7.31899999999999995E9	1.51204809490881154E-3
7.32200000000000006E9	1.49335895796622542E-3
7.32500000000000018E9	1.47492874127985063E-3
7.32800000000000029E9	1.45675344978634347E-3
7.33100000000000041E9	1.43882915662699751E-3
7.33400000000000052E9	1.42115200186799373E-3
7.33700000000000063E9	1.40371819124682062E-3
7.34000000000000075E9	1.38652399494433753E-3
7.34299999999999908E9	1.36956574638192330E-3
7.34600000000000097E9	1.35283984104309951E-3
7.34899999999999931E9	1.33634273531914149E-3
7.35200000000000120E9	1.32007094537813607E-3
7.35499999999999954E9	1.30402104605696034E-3
7.35799999999999965E9	1.28818966977566118E-3
7.36099999999999977E9	1.27257350547377834E-3
7.36399999999999988E9	1.25716929756811679E-3
7.36699999999999999E9	1.24197384493148877E-3
7.37000000000000011E9	1.22698399989199447E-3
7.37299999999999933E9	1.21219666725233410E-3
7.37600000000000033E9	1.19760880332882502E-3
7.37899999999999956E9	1.18321741500955069E-3
7.38200000000000056E9	1.16901955883137476E-3
7.38499999999999979E9	1.15501234007529052E-3
7.38799999999999990E9	1.14119291187979410E-3
7.39100000000000001E9	1.12755847437182122E-3
7.39400000000000013E9	1.11410627381497296E-3
7.39700000000000024E9	1.10083360177452017E-3
7.40000000000000036E9	1.08773779429894701E-3
7.40300000000000047E9	1.07481623111760682E-3
7.40600000000000058E9	1.06206633485420654E-3
7.40900000000000070E9	1.04948557025569955E-3
7.41200000000000081E9	1.03707144343633129E-3
7.41500000000000092E9	1.02482150113650095E-3
7.41799999999999926E9	1.01273332999608523E-3
7.42100000000000115E9	1.00080455584197381E-3
7.42399999999999949E9	9.89032842989458949E-4
7.42700000000000138E9	9.77415893557229154E-4
7.42999999999999972E9	9.65951446795683921E-4
7.43299999999999983E9	9.54637278428221059E-4
7.43599999999999994E9	9.43471200005338773E-4
7.43900000000000006E9	9.32451058271162836E-4
7.44200000000000017E9	9.21574734542218543E-4
7.44500000000000028E9	9.10840144098169802E-4
7.44799999999999862E9	9.00245235584254466E-4
7.45100000000000051E9	8.89787990425212172E-4
7.45399999999999885E9	8.79466422250425595E-4
7.45700000000000074E9	8.69278576330071928E-4
7.45999999999999908E9	8.59222529022030201E-4
7.46299999999999919E9	8.49296387229344596E-4
7.46599999999999930E9	8.39498287868020654E-4
7.46899999999999942E9	8.29826397344926470E-4
7.47199999999999953E9	8.20278911045603820E-4
7.47499999999999964E9	8.10854052831778205E-4
7.47799999999999976E9	8.01550074548390867E-4
7.48099999999999987E9	7.92365255539913171E-4
7.48399999999999999E9	7.83297902175800775E-4
7.48700000000000010E9	7.74346347384859524E-4
7.49000000000000021E9	7.65508950198385385E-4
7.49299999999999944E9	7.56784095301852489E-4
7.49600000000000044E9	7.48170192595003414E-4
7.49899999999999967E9	7.39665676760183910E-4
7.50200000000000067E9	7.31269006838707103E-4
7.50499999999999989E9	7.22978665815142119E-4
7.50800000000000001E9	7.14793160209312539E-4
7.51100000000000012E9	7.06711019675903174E-4
7.51400000000000023E9	6.98730796611478500E-4
7.51700000000000035E9	6.90851065768767292E-4
7.52000000000000046E9	6.83070423878117339E-4
7.52299999999999880E9	6.75387489275899178E-4
7.52600000000000069E9	6.67800901539785485E-4
7.52899999999999903E9	6.60309321130726445E-4
7.53200000000000092E9	6.52911429041518865E-4
7.53499999999999925E9	6.45605926451811474E-4
7.53799999999999937E9	6.38391534389427129E-4
7.54099999999999948E9	6.31266993397901377E-4
7.54399999999999959E9	6.24231063210051840E-4
7.54699999999999971E9	6.17282522427544933E-4
7.54999999999999982E9	6.10420168206255198E-4
7.55299999999999994E9	6.03642815947373279E-4
7.55600000000000005E9	5.96949298994098321E-4
7.55900000000000016E9	5.90338468333830590E-4
7.56200000000000028E9	5.83809192305766533E-4
7.56500000000000039E9	5.77360356313753176E-4
7.56799999999999962E9	5.70990862544335442E-4
7.57100000000000062E9	5.64699629689870797E-4
7.57399999999999984E9	5.58485592676630382E-4
7.57700000000000085E9	5.52347702397779106E-4
7.58000000000000007E9	5.46284925451134917E-4
7.58300000000000018E9	5.40296243881628779E-4
7.58600000000000030E9	5.34380654928367971E-4
7.58900000000000041E9	5.28537170776196419E-4
7.59200000000000053E9	5.22764818311701696E-4
7.59500000000000064E9	5.17062638883556680E-4
7.59799999999999898E9	5.11429688067097210E-4
7.60100000000000087E9	5.05865035433107835E-4
7.60399999999999920E9	5.00367764320671249E-4
7.60700000000000109E9	4.94936971614054855E-4
7.60999999999999943E9	4.89571767523527246E-4
7.61299999999999955E9	4.84271275370038357E-4
7.61599999999999966E9	4.79034631373682096E-4
7.61899999999999977E9	4.73860984445897682E-4
7.62199999999999989E9	4.68749495985292697E-4
7.62500000000000000E9	4.63699339677059008E-4
7.62800000000000011E9	4.58709701295894767E-4
7.63100000000000023E9	4.53779778512363219E-4
7.63400000000000034E9	4.48908780702641508E-4
7.63700000000000045E9	4.44095928761564895E-4
7.64000000000000057E9	4.39340454918947820E-4
7.64299999999999891E9	4.34641602559059148E-4
7.64600000000000080E9	4.29998626043272569E-4
7.64899999999999913E9	4.25410790535747552E-4
7.65200000000000102E9	4.20877371832142888E-4
7.65499999999999936E9	4.16397656191292498E-4
7.65799999999999947E9	4.11970940169763633E-4
7.66099999999999959E9	4.07596530459285145E-4
7.66399999999999970E9	4.03273743726955125E-4
7.66699999999999982E9	3.99001906458192312E-4
7.66999999999999993E9	3.94780354802387157E-4
7.67299999999999915E9	3.90608434421190243E-4
7.67600000000000016E9	3.86485500339386823E-4
7.67899999999999938E9	3.82410916798330058E-4
7.68200000000000038E9	3.78384057111848104E-4
7.68499999999999961E9	3.74404303524639781E-4
7.68799999999999972E9	3.70471047073039061E-4
7.69099999999999984E9	3.66583687448160278E-4
7.69399999999999995E9	3.62741632861362628E-4
7.69700000000000006E9	3.58944299911984377E-4
7.70000000000000018E9	3.55191113457312913E-4
7.70300000000000029E9	3.51481506484754247E-4
7.70600000000000041E9	3.47814919986146442E-4
7.70900000000000052E9	3.44190802834195297E-4
7.71200000000000063E9	3.40608611660977934E-4
7.71500000000000075E9	3.37067810738494966E-4
7.71799999999999908E9	3.33567871861213483E-4
7.72100000000000097E9	3.30108274230579424E-4
7.72399999999999931E9	3.26688504341454156E-4
7.72700000000000120E9	3.23308055870456235E-4
7.72999999999999954E9	3.19966429566150090E-4
7.73299999999999965E9	3.16663133141068753E-4
7.73599999999999977E9	3.13397681165528397E-4
7.73899999999999988E9	3.10169594963203954E-4
7.74199999999999999E9	3.06978402508432069E-4
7.74500000000000011E9	3.03823638325217305E-4
7.74799999999999933E9	3.00704843387902754E-4
7.75100000000000033E9	2.97621565023480850E-4
7.75399999999999956E9	2.94573356815511600E-4
7.75700000000000056E9	2.91559778509625112E-4
7.75999999999999979E9	2.88580395920569721E-4
7.76299999999999990E9	2.85634780840792413E-4
7.76600000000000001E9	2.82722510950508044E-4
7.76900000000000013E9	2.79843169729250896E-4
7.77200000000000024E9	2.76996346368862145E-4
7.77500000000000036E9	2.74181635687896996E-4
7.77800000000000047E9	2.71398638047436025E-4
7.78100000000000058E9	2.68646959268250818E-4
7.78400000000000070E9	2.65926210549328879E-4
7.78700000000000081E9	2.63236008387713749E-4
7.79000000000000092E9	2.60575974499647511E-4
7.79299999999999926E9	2.57945735742984184E-4
7.79600000000000115E9	2.55344924040862331E-4
7.79899999999999949E9	2.52773176306607006E-4
7.80200000000000138E9	2.50230134369840851E-4
7.80499999999999972E9	2.47715444903788118E-4
7.80799999999999983E9	2.45228759353741488E-4
7.81099999999999994E9	2.42769733866682991E-4
7.81400000000000006E9	2.40338029222028693E-4
7.81700000000000017E9	2.37933310763486228E-4
7.82000000000000028E9	2.35555248331994793E-4
7.82299999999999862E9	2.33203516199744287E-4
7.82600000000000051E9	2.30877793005241516E-4
7.82899999999999885E9	2.28577761689409265E-4
7.83200000000000074E9	2.26303109432707039E-4
7.83499999999999908E9	2.24053527593244572E-4
7.83799999999999919E9	2.21828711645878851E-4
7.84099999999999930E9	2.19628361122278282E-4
7.84399999999999942E9	2.17452179551931346E-4
7.84699999999999953E9	2.15299874404092106E-4
7.84999999999999964E9	2.13171157030630765E-4
7.85299999999999976E9	2.11065742609800910E-4
7.85599999999999987E9	2.08983350090879094E-4
7.85899999999999999E9	2.06923702139678101E-4
7.86200000000000010E9	2.04886525084916826E-4
7.86500000000000021E9	2.02871548865428286E-4
7.86799999999999944E9	2.00878506978198157E-4
7.87100000000000044E9	1.98907136427209674E-4
7.87399999999999967E9	1.96957177673093597E-4
7.87700000000000067E9	1.95028374583557507E-4
7.87999999999999989E9	1.93120474384593477E-4
7.88300000000000001E9	1.91233227612437373E-4
7.88600000000000012E9	1.89366388066279923E-4
7.88900000000000023E9	1.87519712761711466E-4
7.89200000000000035E9	1.85692961884881136E-4
7.89500000000000046E9	1.83885898747377974E-4
7.89799999999999880E9	1.82098289741793939E-4
7.90100000000000069E9	1.80329904297987098E-4
7.90399999999999903E9	1.78580514840008808E-4
7.90700000000000092E9	1.76849896743699819E-4
7.90999999999999925E9	1.75137828294936471E-4
7.91299999999999937E9	1.73444090648515958E-4
7.91599999999999948E9	1.71768467787676782E-4
7.91899999999999959E9	1.70110746484237119E-4
7.92199999999999971E9	1.68470716259340159E-4
7.92499999999999982E9	1.66848169344804265E-4
7.92799999999999994E9	1.65242900645059110E-4
7.93100000000000005E9	1.63654707699665014E-4
7.93400000000000016E9	1.62083390646398362E-4
7.93700000000000028E9	1.60528752184903878E-4
7.94000000000000039E9	1.58990597540895284E-4
7.94299999999999962E9	1.57468734430899149E-4
7.94600000000000062E9	1.55962973027532947E-4
7.94899999999999984E9	1.54473125925309951E-4
7.95200000000000085E9	1.52999008106957479E-4
7.95500000000000007E9	1.51540436910248655E-4
7.95800000000000018E9	1.50097231995326408E-4
7.96100000000000030E9	1.48669215312528191E-4
7.96400000000000041E9	1.47256211070686849E-4
7.96700000000000053E9	1.45858045705913453E-4
7.97000000000000064E9	1.44474547850843149E-4
7.97299999999999898E9	1.43105548304346186E-4
7.97600000000000087E9	1.41750880001687252E-4
7.97899999999999920E9	1.40410377985137025E-4
7.98200000000000109E9	1.39083879375016606E-4
7.98499999999999943E9	1.37771223341176663E-4
7.98799999999999955E9	1.36472251074899575E-4
7.99099999999999966E9	1.35186805761221862E-4
7.99399999999999977E9	1.33914732551663995E-4
7.99699999999999989E9	1.32655878537368377E-4
8.00000000000000000E9	1.31410092722632887E-4


