freq	Eq_Tx
2.00000000000000000E9	1.08456613793435852E-2
2.00300000000000011E9	1.08655373915274245E-2
2.00599999999999978E9	1.08852429001179396E-2
2.00899999999999990E9	1.09047793876060162E-2
2.01199999999999957E9	1.09241483579388032E-2
2.01499999999999968E9	1.09433513358818146E-2
2.01799999999999979E9	1.09623898663543717E-2
2.02099999999999991E9	1.09812655138027537E-2
2.02400000000000002E9	1.09999798615398592E-2
2.02700000000000014E9	1.10185345111261657E-2
2.03000000000000025E9	1.10369310817306232E-2
2.03300000000000036E9	1.10551712095117227E-2
2.03600000000000003E9	1.10732565469963440E-2
2.03900000000000015E9	1.10911887624699435E-2
2.04199999999999982E9	1.11089695393714472E-2
2.04499999999999993E9	1.11266005756890340E-2
2.04800000000000004E9	1.11440835833769358E-2
2.05099999999999971E9	1.11614202877591384E-2
2.05399999999999983E9	1.11786124269609788E-2
2.05699999999999994E9	1.11956617513322021E-2
2.06000000000000005E9	1.12125700228853109E-2
2.06300000000000017E9	1.12293390147417038E-2
2.06599999999999984E9	1.12459705105758268E-2
2.06899999999999995E9	1.12624663040875950E-2
2.07200000000000006E9	1.12788281984560945E-2
2.07500000000000018E9	1.12950580058261507E-2
2.07800000000000029E9	1.13111575467859282E-2
2.08099999999999996E9	1.13271286498613488E-2
2.08400000000000007E9	1.13429731510187159E-2
2.08699999999999974E9	1.13586928931677278E-2
2.08999999999999986E9	1.13742897256853026E-2
2.09299999999999997E9	1.13897655039382184E-2
2.09600000000000009E9	1.14051220888195948E-2
2.09900000000000020E9	1.14203613462915743E-2
2.10199999999999987E9	1.14354851469348828E-2
2.10499999999999998E9	1.14504953655176789E-2
2.10800000000000010E9	1.14653938805553746E-2
2.11099999999999977E9	1.14801825738958363E-2
2.11399999999999988E9	1.14948633303038639E-2
2.11699999999999999E9	1.15094380370593807E-2
2.12000000000000011E9	1.15239085835607735E-2
2.12300000000000022E9	1.15382768609375974E-2
2.12599999999999989E9	1.15525447616779919E-2
2.12900000000000000E9	1.15667141792535366E-2
2.13200000000000012E9	1.15807870077649899E-2
2.13500000000000023E9	1.15947651415886943E-2
2.13800000000000034E9	1.16086504750319874E-2
2.14100000000000001E9	1.16224449020064213E-2
2.14400000000000013E9	1.16361503156943580E-2
2.14699999999999980E9	1.16497686082374496E-2
2.14999999999999991E9	1.16633016704280279E-2
2.15300000000000002E9	1.16767513914092635E-2
2.15599999999999969E9	1.16901196583824607E-2
2.15899999999999981E9	1.17034083563267788E-2
2.16199999999999992E9	1.17166193677227803E-2
2.16500000000000004E9	1.17297545722892527E-2
2.16800000000000015E9	1.17428158467208066E-2
2.17100000000000026E9	1.17558050644413603E-2
2.17400000000000038E9	1.17687240953595729E-2
2.17700000000000005E9	1.17815748056375313E-2
2.18000000000000016E9	1.17943590574621560E-2
2.18300000000000027E9	1.18070787088271545E-2
2.18599999999999994E9	1.18197356133235987E-2
2.18900000000000006E9	1.18323316199350415E-2
2.19199999999999973E9	1.18448685728417069E-2
2.19499999999999984E9	1.18573483112334066E-2
2.19799999999999995E9	1.18697726691270899E-2
2.20099999999999962E9	1.18821434751940713E-2
2.20399999999999974E9	1.18944625525908609E-2
2.20699999999999985E9	1.19067317188046595E-2
2.20999999999999996E9	1.19189527854926869E-2
2.21300000000000008E9	1.19311275583424226E-2
2.21600000000000019E9	1.19432578369299192E-2
2.21900000000000031E9	1.19553454145864291E-2
2.22199999999999998E9	1.19673920782722876E-2
2.22500000000000009E9	1.19793996084588983E-2
2.22800000000000020E9	1.19913697790101170E-2
2.23099999999999987E9	1.20033043570837861E-2
2.23399999999999999E9	1.20152051030176077E-2
2.23699999999999966E9	1.20270737702466080E-2
2.23999999999999977E9	1.20389121052049064E-2
2.24299999999999988E9	1.20507218472438948E-2
2.24600000000000000E9	1.20625047285569775E-2
2.24900000000000011E9	1.20742624741036275E-2
2.25199999999999978E9	1.20859968015446229E-2
2.25499999999999989E9	1.20977094211751490E-2
2.25800000000000001E9	1.21094020358786203E-2
2.26100000000000012E9	1.21210763410616229E-2
2.26400000000000023E9	1.21327340246199578E-2
2.26699999999999990E9	1.21443767668881075E-2
2.27000000000000002E9	1.21560062406091940E-2
2.27300000000000013E9	1.21676241108971461E-2
2.27599999999999980E9	1.21792320352147421E-2
2.27899999999999991E9	1.21908316633469527E-2
2.28200000000000003E9	1.22024246373846967E-2
2.28500000000000014E9	1.22140125917099729E-2
2.28800000000000026E9	1.22255971529856078E-2
2.29099999999999993E9	1.22371799401518966E-2
2.29400000000000004E9	1.22487625644213249E-2
2.29699999999999971E9	1.22603466292841889E-2
2.29999999999999982E9	1.22719337305140508E-2
2.30299999999999994E9	1.22835254561762119E-2
2.30600000000000005E9	1.22951233866434206E-2
2.30900000000000016E9	1.23067290946103780E-2
2.31199999999999983E9	1.23183441451187692E-2
2.31499999999999995E9	1.23299700955771230E-2
2.31800000000000006E9	1.23416084957893024E-2
2.32100000000000017E9	1.23532608879880557E-2
2.32400000000000029E9	1.23649288068661933E-2
2.32699999999999996E9	1.23766137796122888E-2
2.33000000000000007E9	1.23883173259550539E-2
2.33300000000000018E9	1.24000409582017701E-2
2.33599999999999985E9	1.24117861812856822E-2
2.33899999999999997E9	1.24235544928165087E-2
2.34199999999999964E9	1.24353473831281058E-2
2.34499999999999975E9	1.24471663353337503E-2
2.34799999999999986E9	1.24590128253824117E-2
2.35099999999999998E9	1.24708883221178324E-2
2.35400000000000009E9	1.24827942873397646E-2
2.35700000000000021E9	1.24947321758666763E-2
2.36000000000000032E9	1.25067034356008255E-2
2.36300000000000043E9	1.25187095075982890E-2
2.36600000000000010E9	1.25307518261378403E-2
2.36900000000000022E9	1.25428318187925858E-2
2.37199999999999989E9	1.25549509065046516E-2
2.37500000000000000E9	1.25671105036608122E-2
2.37800000000000011E9	1.25793120181720219E-2
2.38099999999999978E9	1.25915568515505738E-2
2.38399999999999990E9	1.26038463989930571E-2
2.38699999999999957E9	1.26161820494639709E-2
2.38999999999999968E9	1.26285651857790371E-2
2.39299999999999979E9	1.26409971846943403E-2
2.39599999999999991E9	1.26534794169906162E-2
2.39900000000000002E9	1.26660132475662435E-2
2.40200000000000014E9	1.26786000355256334E-2
2.40500000000000025E9	1.26912411342738918E-2
2.40800000000000036E9	1.27039378916081924E-2
2.41100000000000003E9	1.27166916498140425E-2
2.41400000000000015E9	1.27295037457622828E-2
2.41699999999999982E9	1.27423755110046377E-2
2.41999999999999993E9	1.27553082718737887E-2
2.42300000000000004E9	1.27683033495824727E-2
2.42599999999999971E9	1.27813620603256117E-2
2.42899999999999983E9	1.27944857153804348E-2
2.43199999999999994E9	1.28076756212103904E-2
2.43500000000000005E9	1.28209330795692522E-2
2.43800000000000017E9	1.28342593876058064E-2
2.44099999999999984E9	1.28476558379685990E-2
2.44399999999999995E9	1.28611237189152150E-2
2.44700000000000006E9	1.28746643144169504E-2
2.45000000000000018E9	1.28882789042684065E-2
2.45300000000000029E9	1.29019687641964942E-2
2.45599999999999996E9	1.29157351659712982E-2
2.45900000000000007E9	1.29295793775140000E-2
2.46199999999999974E9	1.29435026630107886E-2
2.46499999999999986E9	1.29575062830236520E-2
2.46799999999999997E9	1.29715914946029431E-2
2.47100000000000009E9	1.29857595514001911E-2
2.47400000000000020E9	1.30000117037843199E-2
2.47699999999999987E9	1.30143491989514404E-2
2.47999999999999998E9	1.30287732810456891E-2
2.48300000000000010E9	1.30432851912675818E-2
2.48599999999999977E9	1.30578861679976610E-2
2.48899999999999988E9	1.30725774469074807E-2
2.49199999999999999E9	1.30873602610772855E-2
2.49500000000000011E9	1.31022358411164142E-2
2.49800000000000022E9	1.31172054152780326E-2
2.50099999999999989E9	1.31322702095771371E-2
2.50400000000000000E9	1.31474314479141619E-2
2.50700000000000012E9	1.31626903521856153E-2
2.51000000000000023E9	1.31780481424121820E-2
2.51300000000000034E9	1.31935060368525292E-2
2.51600000000000001E9	1.32090652521256180E-2
2.51900000000000013E9	1.32247270033325259E-2
2.52199999999999980E9	1.32404925041743393E-2
2.52499999999999991E9	1.32563629670749794E-2
2.52800000000000002E9	1.32723396033030938E-2
2.53099999999999969E9	1.32884236230929820E-2
2.53399999999999981E9	1.33046162357666686E-2
2.53699999999999992E9	1.33209186498565479E-2
2.54000000000000004E9	1.33373320732282163E-2
2.54300000000000015E9	1.33538577132025238E-2
2.54600000000000026E9	1.33704967766795546E-2
2.54900000000000038E9	1.33872504702610584E-2
2.55200000000000005E9	1.34041200003761607E-2
2.55500000000000016E9	1.34211065734033097E-2
2.55800000000000027E9	1.34382113957949056E-2
2.56100000000000039E9	1.34554356742024828E-2
2.56399999999999961E9	1.34727806155997865E-2
2.56699999999999973E9	1.34902474274101181E-2
2.56999999999999984E9	1.35078373176301914E-2
2.57299999999999995E9	1.35255514949531586E-2
2.57600000000000007E9	1.35433911689006869E-2
2.57899999999999974E9	1.35613575499406247E-2
2.58199999999999985E9	1.35794518496200123E-2
2.58499999999999996E9	1.35976752806883039E-2
2.58800000000000008E9	1.36160290572232889E-2
2.59100000000000019E9	1.36345143947601333E-2
2.59399999999999986E9	1.36531325104174184E-2
2.59699999999999998E9	1.36718846230244706E-2
2.60000000000000009E9	1.36907719532486860E-2
2.60300000000000020E9	1.37097957237239454E-2
2.60600000000000032E9	1.37289571591791448E-2
2.60899999999999954E9	1.37482574865655316E-2
2.61199999999999966E9	1.37676979351861561E-2
2.61499999999999977E9	1.37872797368248512E-2
2.61799999999999988E9	1.38070041258739096E-2
2.62100000000000000E9	1.38268723394681237E-2
2.62399999999999967E9	1.38468856176077382E-2
2.62699999999999978E9	1.38670452032946234E-2
2.62999999999999989E9	1.38873523426597378E-2
2.63300000000000001E9	1.39078082850947449E-2
2.63600000000000012E9	1.39284142833825597E-2
2.63899999999999979E9	1.39491715938301675E-2
2.64199999999999990E9	1.39700814763971537E-2
2.64500000000000002E9	1.39911451948332544E-2
2.64800000000000013E9	1.40123640168049768E-2
2.65100000000000025E9	1.40337392140320416E-2
2.65399999999999991E9	1.40552720624200367E-2
2.65700000000000003E9	1.40769638421930310E-2
2.66000000000000014E9	1.40988158380287176E-2
2.66300000000000026E9	1.41208293391917872E-2
2.66600000000000037E9	1.41430056396703474E-2
2.66899999999999959E9	1.41653460383097451E-2
2.67199999999999971E9	1.41878518389475161E-2
2.67499999999999982E9	1.42105243505535217E-2
2.67799999999999994E9	1.42333648873618790E-2
2.68100000000000005E9	1.42563747690101250E-2
2.68399999999999972E9	1.42795553206786252E-2
2.68699999999999983E9	1.43029078732255055E-2
2.68999999999999995E9	1.43264337633278327E-2
2.69300000000000006E9	1.43501343336180898E-2
2.69600000000000017E9	1.43740109328276278E-2
2.69899999999999984E9	1.43980649159249063E-2
2.70199999999999996E9	1.44222976442553530E-2
2.70500000000000007E9	1.44467104856846107E-2
2.70800000000000018E9	1.44713048147403800E-2
2.71100000000000030E9	1.44960820127542744E-2
2.71399999999999952E9	1.45210434680064560E-2
2.71699999999999964E9	1.45461905758686116E-2
2.71999999999999975E9	1.45715247389487690E-2
2.72299999999999986E9	1.45970473672375078E-2
2.72599999999999998E9	1.46227598782530355E-2
2.72900000000000009E9	1.46486636971882711E-2
2.73200000000000021E9	1.46747602570598357E-2
2.73500000000000032E9	1.47010509988534621E-2
2.73800000000000043E9	1.47275373716755809E-2
2.74100000000000055E9	1.47542208329022362E-2
2.74399999999999977E9	1.47811028483300078E-2
2.74699999999999989E9	1.48081848923267989E-2
2.75000000000000000E9	1.48354684479855958E-2
2.75300000000000011E9	1.48629550072767636E-2
2.75600000000000023E9	1.48906460712015498E-2
2.75899999999999945E9	1.49185431499483268E-2
2.76199999999999957E9	1.49466477630487793E-2
2.76499999999999968E9	1.49749614395330188E-2
2.76799999999999979E9	1.50034857180892289E-2
2.77099999999999991E9	1.50322221472211193E-2
2.77400000000000002E9	1.50611722854095387E-2
2.77700000000000014E9	1.50903377012711282E-2
2.78000000000000025E9	1.51197199737226784E-2
2.78300000000000036E9	1.51493206921414436E-2
2.78600000000000048E9	1.51791414565315064E-2
2.78899999999999970E9	1.52091838776887478E-2
2.79199999999999982E9	1.52394495773649519E-2
2.79499999999999993E9	1.52699401884390396E-2
2.79800000000000004E9	1.53006573550822833E-2
2.80100000000000016E9	1.53316027329305449E-2
2.80399999999999983E9	1.53627779892538374E-2
2.80699999999999994E9	1.53941848031299200E-2
2.81000000000000005E9	1.54258248656172414E-2
2.81300000000000017E9	1.54576998799307042E-2
2.81600000000000028E9	1.54898115616169241E-2
2.81899999999999995E9	1.55221616387329009E-2
2.82200000000000006E9	1.55547518520243511E-2
2.82500000000000018E9	1.55875839551071182E-2
2.82800000000000029E9	1.56206597146471093E-2
2.83100000000000041E9	1.56539809105463856E-2
2.83399999999999963E9	1.56875493361257723E-2
2.83699999999999974E9	1.57213667983128524E-2
2.83999999999999986E9	1.57554351178280916E-2
2.84299999999999997E9	1.57897561293757538E-2
2.84600000000000009E9	1.58243316818346846E-2
2.84899999999999975E9	1.58591636384512169E-2
2.85199999999999987E9	1.58942538770315034E-2
2.85499999999999998E9	1.59296042901412349E-2
2.85800000000000010E9	1.59652167853008176E-2
2.86100000000000021E9	1.60010932851839849E-2
2.86399999999999988E9	1.60372357278224476E-2
2.86699999999999999E9	1.60736460668065440E-2
2.87000000000000011E9	1.61103262714900364E-2
2.87300000000000022E9	1.61472783271979226E-2
2.87600000000000033E9	1.61845042354346669E-2
2.87900000000000000E9	1.62220060140953248E-2
2.88200000000000012E9	1.62597856976770228E-2
2.88500000000000023E9	1.62978453374946741E-2
2.88800000000000034E9	1.63361870018971822E-2
2.89100000000000046E9	1.63748127764856877E-2
2.89399999999999968E9	1.64137247643352224E-2
2.89699999999999980E9	1.64529250862171939E-2
2.89999999999999991E9	1.64924158808242360E-2
2.90300000000000002E9	1.65321993049983407E-2
2.90600000000000014E9	1.65722775339583017E-2
2.90899999999999981E9	1.66126527615348940E-2
2.91199999999999992E9	1.66533272004027766E-2
2.91500000000000004E9	1.66943030823169503E-2
2.91800000000000015E9	1.67355826583523015E-2
2.92100000000000026E9	1.67771681991450272E-2
2.92399999999999993E9	1.68190619951360976E-2
2.92700000000000005E9	1.68612663568178722E-2
2.93000000000000016E9	1.69037836149821441E-2
2.93300000000000027E9	1.69466161209733102E-2
2.93600000000000039E9	1.69897662469407762E-2
2.93899999999999961E9	1.70332363860965330E-2
2.94199999999999973E9	1.70770289529747998E-2
2.94499999999999984E9	1.71211463836929045E-2
2.94799999999999995E9	1.71655911362190472E-2
2.95100000000000007E9	1.72103656906378522E-2
2.95399999999999974E9	1.72554725494214622E-2
2.95699999999999985E9	1.73009142377050562E-2
2.95999999999999996E9	1.73466933035608228E-2
2.96300000000000008E9	1.73928123182807015E-2
2.96600000000000019E9	1.74392738766566646E-2
2.96899999999999986E9	1.74860805972683830E-2
2.97199999999999998E9	1.75332351227718153E-2
2.97500000000000009E9	1.75807401201918512E-2
2.97800000000000020E9	1.76285982812166453E-2
2.98100000000000032E9	1.76768123224991491E-2
2.98399999999999954E9	1.77253849859572821E-2
2.98699999999999966E9	1.77743190390804484E-2
2.98999999999999977E9	1.78236172752393385E-2
2.99299999999999988E9	1.78732825139981077E-2
2.99600000000000000E9	1.79233176014308970E-2
2.99899999999999967E9	1.79737254104420119E-2
3.00199999999999978E9	1.80245088410900478E-2
3.00499999999999989E9	1.80756708209144845E-2
3.00800000000000001E9	1.81272143052681800E-2
3.01100000000000012E9	1.81791422776517431E-2
3.01399999999999979E9	1.82314577500533614E-2
3.01699999999999990E9	1.82841637632907794E-2
3.02000000000000002E9	1.83372633873604673E-2
3.02300000000000013E9	1.83907597217870933E-2
3.02600000000000025E9	1.84446558959795781E-2
3.02899999999999991E9	1.84989550695918270E-2
3.03200000000000003E9	1.85536604328852772E-2
3.03500000000000014E9	1.86087752070987178E-2
3.03800000000000026E9	1.86643026448196370E-2
3.04100000000000037E9	1.87202460303635099E-2
3.04399999999999959E9	1.87766086801540610E-2
3.04699999999999971E9	1.88333939431107034E-2
3.04999999999999982E9	1.88906052010403069E-2
3.05299999999999994E9	1.89482458690319455E-2
3.05600000000000005E9	1.90063193958589749E-2
3.05899999999999972E9	1.90648292643847639E-2
3.06199999999999983E9	1.91237789919736789E-2
3.06499999999999995E9	1.91831721309063630E-2
3.06800000000000006E9	1.92430122688018423E-2
3.07100000000000017E9	1.93033030290434793E-2
3.07399999999999984E9	1.93640480712105734E-2
3.07699999999999996E9	1.94252510915162735E-2
3.08000000000000007E9	1.94869158232482853E-2
3.08300000000000018E9	1.95490460372200348E-2
3.08600000000000030E9	1.96116455422211433E-2
3.08899999999999952E9	1.96747181854796738E-2
3.09199999999999964E9	1.97382678531263678E-2
3.09499999999999975E9	1.98022984706650718E-2
3.09799999999999986E9	1.98668140034522533E-2
3.10099999999999998E9	1.99318184571777612E-2
3.10400000000000009E9	1.99973158783564009E-2
3.10700000000000021E9	2.00633103548228720E-2
3.11000000000000032E9	2.01298060162338599E-2
3.11300000000000043E9	2.01968070345771977E-2
3.11600000000000055E9	2.02643176246859236E-2
3.11899999999999977E9	2.03323420447621661E-2
3.12199999999999989E9	2.04008845969039321E-2
3.12500000000000000E9	2.04699496276412551E-2
3.12800000000000011E9	2.05395415284785754E-2
3.13100000000000023E9	2.06096647364449570E-2
3.13399999999999945E9	2.06803237346498525E-2
3.13699999999999957E9	2.07515230528470784E-2
3.13999999999999968E9	2.08232672680078590E-2
3.14299999999999979E9	2.08955610048969564E-2
3.14599999999999991E9	2.09684089366627235E-2
3.14900000000000002E9	2.10418157854279952E-2
3.15200000000000014E9	2.11157863228940590E-2
3.15500000000000025E9	2.11903253709516992E-2
3.15800000000000036E9	2.12654378022970469E-2
3.16100000000000048E9	2.13411285410594775E-2
3.16399999999999970E9	2.14174025634369114E-2
3.16699999999999982E9	2.14942648983385798E-2
3.16999999999999993E9	2.15717206280355578E-2
3.17300000000000004E9	2.16497748888246244E-2
3.17600000000000016E9	2.17284328716945474E-2
3.17899999999999983E9	2.18076998230067831E-2
3.18199999999999994E9	2.18875810451821762E-2
3.18500000000000005E9	2.19680818973981440E-2
3.18800000000000017E9	2.20492077962951427E-2
3.19100000000000028E9	2.21309642166929965E-2
3.19399999999999995E9	2.22133566923158376E-2
3.19700000000000006E9	2.22963908165285085E-2
3.20000000000000018E9	2.23800722430816323E-2
3.20300000000000029E9	2.24644066868672621E-2
3.20600000000000041E9	2.25493999246861732E-2
3.20899999999999963E9	2.26350577960223820E-2
3.21199999999999974E9	2.27213862038329051E-2
3.21499999999999986E9	2.28083911153432473E-2
3.21799999999999997E9	2.28960785628590058E-2
3.22100000000000009E9	2.29844546445839537E-2
3.22399999999999931E9	2.30735255254524718E-2
3.22699999999999942E9	2.31632974379733669E-2
3.22999999999999954E9	2.32537766830828430E-2
3.23299999999999965E9	2.33449696310127486E-2
3.23599999999999977E9	2.34368827221679776E-2
3.23899999999999988E9	2.35295224680180848E-2
3.24199999999999999E9	2.36228954520001855E-2
3.24500000000000011E9	2.37170083304347967E-2
3.24800000000000022E9	2.38118678334551248E-2
3.25100000000000033E9	2.39074807659476241E-2
3.25400000000000000E9	2.40038540085078678E-2
3.25700000000000012E9	2.41009945184087426E-2
3.26000000000000023E9	2.41989093305818193E-2
3.26300000000000034E9	2.42976055586136175E-2
3.26600000000000046E9	2.43970903957550656E-2
3.26899999999999968E9	2.44973711159464891E-2
3.27199999999999980E9	2.45984550748550568E-2
3.27499999999999991E9	2.47003497109280978E-2
3.27800000000000002E9	2.48030625464626686E-2
3.28100000000000014E9	2.49066011886877625E-2
3.28399999999999981E9	2.50109733308638038E-2
3.28699999999999992E9	2.51161867533962813E-2
3.29000000000000004E9	2.52222493249676294E-2
3.29300000000000015E9	2.53291690036822903E-2
3.29600000000000026E9	2.54369538382312665E-2
3.29899999999999949E9	2.55456119690701700E-2
3.30199999999999960E9	2.56551516296173743E-2
3.30499999999999972E9	2.57655811474668361E-2
3.30799999999999983E9	2.58769089456198653E-2
3.31099999999999994E9	2.59891435437337792E-2
3.31400000000000006E9	2.61022935593894978E-2
3.31700000000000017E9	2.62163677093768088E-2
3.32000000000000028E9	2.63313748109973655E-2
3.32300000000000040E9	2.64473237833896668E-2
3.32600000000000051E9	2.65642236488686834E-2
3.32899999999999974E9	2.66820835342898866E-2
3.33199999999999985E9	2.68009126724286117E-2
3.33499999999999996E9	2.69207204033826031E-2
3.33800000000000008E9	2.70415161759940803E-2
3.34100000000000019E9	2.71633095492924204E-2
3.34399999999999986E9	2.72861101939570583E-2
3.34699999999999998E9	2.74099278938047641E-2
3.35000000000000009E9	2.75347725472944305E-2
3.35300000000000020E9	2.76606541690574481E-2
3.35600000000000032E9	2.77875828914503042E-2
3.35899999999999954E9	2.79155689661268314E-2
3.36199999999999966E9	2.80446227656381897E-2
3.36499999999999977E9	2.81747547850524516E-2
3.36799999999999988E9	2.83059756436013910E-2
3.37100000000000000E9	2.84382960863484513E-2
3.37399999999999967E9	2.85717269858838829E-2
3.37699999999999978E9	2.87062793440446473E-2
3.37999999999999989E9	2.88419642936587195E-2
3.38300000000000001E9	2.89787931003155963E-2
3.38600000000000012E9	2.91167771641646489E-2
3.38900000000000023E9	2.92559280217384288E-2
3.39200000000000035E9	2.93962573478032319E-2
3.39500000000000046E9	2.95377769572404336E-2
3.39800000000000058E9	2.96804988069496289E-2
3.40100000000000069E9	2.98244349977877299E-2
3.40399999999999991E9	2.99695977765309385E-2
3.40700000000000003E9	3.01159995378704437E-2
3.41000000000000014E9	3.02636528264345017E-2
3.41300000000000026E9	3.04125703388450574E-2
3.41600000000000037E9	3.05627649258006340E-2
3.41899999999999959E9	3.07142495941943716E-2
3.42199999999999971E9	3.08670375092625093E-2
3.42499999999999982E9	3.10211419967646185E-2
3.42799999999999994E9	3.11765765451981736E-2
3.43100000000000005E9	3.13333548080461899E-2
3.43399999999999972E9	3.14914906060584254E-2
3.43699999999999983E9	3.16509979295674704E-2
3.43999999999999995E9	3.18118909408391914E-2
3.44300000000000006E9	3.19741839764619851E-2
3.44600000000000017E9	3.21378915497676498E-2
3.44899999999999940E9	3.23030283532921514E-2
3.45199999999999951E9	3.24696092612750054E-2
3.45499999999999963E9	3.26376493321919181E-2
3.45799999999999974E9	3.28071638113323738E-2
3.46099999999999985E9	3.29781681334104260E-2
3.46399999999999997E9	3.31506779252215944E-2
3.46700000000000008E9	3.33247090083346542E-2
3.47000000000000020E9	3.35002774018287885E-2
3.47300000000000031E9	3.36773993250705184E-2
3.47600000000000042E9	3.38560912005349568E-2
3.47900000000000009E9	3.40363696566677554E-2
3.48200000000000021E9	3.42182515307948920E-2
3.48500000000000032E9	3.44017538720733418E-2
3.48800000000000043E9	3.45868939444897983E-2
3.49100000000000055E9	3.47736892299053491E-2
3.49399999999999977E9	3.49621574311453553E-2
3.49699999999999989E9	3.51523164751386119E-2
3.50000000000000000E9	3.53441845161060764E-2
3.50300000000000011E9	3.55377799387953885E-2
3.50600000000000023E9	3.57331213617699195E-2
3.50899999999999945E9	3.59302276407441168E-2
3.51199999999999957E9	3.61291178719753781E-2
3.51499999999999968E9	3.63298113957040147E-2
3.51799999999999979E9	3.65323277996502860E-2
3.52099999999999991E9	3.67366869225631110E-2
3.52399999999999958E9	3.69429088578254294E-2
3.52699999999999969E9	3.71510139571159970E-2
3.52999999999999980E9	3.73610228341259498E-2
3.53299999999999992E9	3.75729563683365075E-2
3.53600000000000003E9	3.77868357088524665E-2
3.53900000000000015E9	3.80026822782974172E-2
3.54200000000000026E9	3.82205177767696025E-2
3.54500000000000037E9	3.84403641858586465E-2
3.54800000000000049E9	3.86622437727249757E-2
3.55100000000000060E9	3.88861790942454721E-2
3.55399999999999983E9	3.91121930012199659E-2
3.55699999999999994E9	3.93403086426472548E-2
3.56000000000000005E9	3.95705494700652638E-2
3.56300000000000017E9	3.98029392419613792E-2
3.56600000000000028E9	4.00375020282508576E-2
3.56899999999999995E9	4.02742622148247875E-2
3.57200000000000006E9	4.05132445081703718E-2
3.57500000000000018E9	4.07544739400641198E-2
3.57800000000000029E9	4.09979758723379994E-2
3.58100000000000041E9	4.12437760017182242E-2
3.58399999999999963E9	4.14919003647460460E-2
3.58699999999999974E9	4.17423753427688471E-2
3.58999999999999986E9	4.19952276670136815E-2
3.59299999999999997E9	4.22504844237414368E-2
3.59600000000000009E9	4.25081730594780716E-2
3.59899999999999931E9	4.27683213863306122E-2
3.60199999999999942E9	4.30309575873882988E-2
3.60499999999999954E9	4.32961102222052396E-2
3.60799999999999965E9	4.35638082323714926E-2
3.61099999999999977E9	4.38340809471706550E-2
3.61399999999999988E9	4.41069580893281632E-2
3.61699999999999999E9	4.43824697808480018E-2
3.62000000000000011E9	4.46606465489421378E-2
3.62300000000000022E9	4.49415193320534012E-2
3.62600000000000033E9	4.52251194859733641E-2
3.62900000000000000E9	4.55114787900557438E-2
3.63200000000000012E9	4.58006294535266889E-2
3.63500000000000023E9	4.60926041218969385E-2
3.63800000000000034E9	4.63874358834724454E-2
3.64100000000000046E9	4.66851582759679307E-2
3.64399999999999968E9	4.69858052932250736E-2
3.64699999999999980E9	4.72894113920345838E-2
3.64999999999999991E9	4.75960114990679450E-2
3.65300000000000002E9	4.79056410179147196E-2
3.65600000000000014E9	4.82183358362330416E-2
3.65899999999999981E9	4.85341323330114349E-2
3.66199999999999992E9	4.88530673859424791E-2
3.66500000000000004E9	4.91751783789159536E-2
3.66800000000000015E9	4.95005032096246822E-2
3.67100000000000026E9	4.98290802972935243E-2
3.67399999999999949E9	5.01609485905251518E-2
3.67699999999999960E9	5.04961475752724898E-2
3.67999999999999972E9	5.08347172829322247E-2
3.68299999999999983E9	5.11766982985673557E-2
3.68599999999999994E9	5.15221317692538250E-2
3.68900000000000006E9	5.18710594125616531E-2
3.69200000000000017E9	5.22235235251658914E-2
3.69500000000000028E9	5.25795669915891661E-2
3.69800000000000040E9	5.29392332930846088E-2
3.70100000000000051E9	5.33025665166508755E-2
3.70399999999999974E9	5.36696113641932904E-2
3.70699999999999985E9	5.40404131618183659E-2
3.70999999999999996E9	5.44150178692798558E-2
3.71300000000000008E9	5.47934720895644034E-2
3.71600000000000019E9	5.51758230786279391E-2
3.71899999999999986E9	5.55621187552805651E-2
3.72199999999999998E9	5.59524077112223761E-2
3.72500000000000009E9	5.63467392212350759E-2
3.72800000000000020E9	5.67451632535262007E-2
3.73100000000000032E9	5.71477304802336938E-2
3.73399999999999954E9	5.75544922880890297E-2
3.73699999999999966E9	5.79655007892423590E-2
3.73999999999999977E9	5.83808088322528462E-2
3.74299999999999988E9	5.88004700132424851E-2
3.74600000000000000E9	5.92245386872219548E-2
3.74899999999999967E9	5.96530699795830621E-2
3.75199999999999978E9	6.00861197977662975E-2
3.75499999999999989E9	6.05237448431015324E-2
3.75800000000000001E9	6.09660026228258545E-2
3.76100000000000012E9	6.14129514622806827E-2
3.76400000000000023E9	6.18646505172875649E-2
3.76700000000000035E9	6.23211597867117995E-2
3.77000000000000046E9	6.27825401252054682E-2
3.77300000000000058E9	6.32488532561406736E-2
3.77600000000000069E9	6.37201617847327118E-2
3.77899999999999991E9	6.41965292113509811E-2
3.78200000000000003E9	6.46780199450282822E-2
3.78500000000000014E9	6.51646993171612809E-2
3.78800000000000026E9	6.56566335954093816E-2
3.79100000000000037E9	6.61538899977950567E-2
3.79399999999999959E9	6.66565367070002424E-2
3.79699999999999971E9	6.71646428848726273E-2
3.79999999999999982E9	6.76782786871325470E-2
3.80299999999999994E9	6.81975152782859251E-2
3.80600000000000005E9	6.87224248467494547E-2
3.80899999999999972E9	6.92530806201839155E-2
3.81199999999999983E9	6.97895568810396227E-2
3.81499999999999995E9	7.03319289823152793E-2
3.81800000000000006E9	7.08802733635338722E-2
3.82100000000000017E9	7.14346675669325570E-2
3.82399999999999940E9	7.19951902538753785E-2
3.82699999999999951E9	7.25619212214775455E-2
3.82999999999999963E9	7.31349414194612191E-2
3.83299999999999974E9	7.37143329672243919E-2
3.83599999999999985E9	7.43001791711365289E-2
3.83899999999999997E9	7.48925645420608355E-2
3.84200000000000008E9	7.54915748130964914E-2
3.84500000000000020E9	7.60972969575519720E-2
3.84800000000000031E9	7.67098192071407325E-2
3.85100000000000042E9	7.73292310704082908E-2
3.85400000000000009E9	7.79556233513830499E-2
3.85700000000000021E9	7.85890881684586784E-2
3.86000000000000032E9	7.92297189735019636E-2
3.86300000000000043E9	7.98776105711881002E-2
3.86600000000000055E9	8.05328591385704939E-2
3.86899999999999977E9	8.11955622448684622E-2
3.87199999999999989E9	8.18658188714889157E-2
3.87500000000000000E9	8.25437294322717996E-2
3.87800000000000011E9	8.32293957939621976E-2
3.88100000000000023E9	8.39229212969049243E-2
3.88399999999999945E9	8.46244107759634545E-2
3.88699999999999957E9	8.53339705816590843E-2
3.88999999999999968E9	8.60517086015298815E-2
3.89299999999999979E9	8.67777342817072750E-2
3.89599999999999991E9	8.75121586487056469E-2
3.89899999999999958E9	8.82550943314247682E-2
3.90199999999999969E9	8.90066555833637452E-2
3.90499999999999980E9	8.97669583050330466E-2
3.90799999999999992E9	9.05361200665792687E-2
3.91100000000000003E9	9.13142601305956880E-2
3.91400000000000015E9	9.21014994751349469E-2
3.91700000000000026E9	9.28979608169053961E-2
3.92000000000000037E9	9.37037686346521426E-2
3.92300000000000049E9	9.45190491927149878E-2
3.92600000000000060E9	9.53439305647553859E-2
3.92899999999999983E9	9.61785426576516755E-2
3.93199999999999994E9	9.70230172355483411E-2
3.93500000000000005E9	9.78774879440558365E-2
3.93800000000000017E9	9.87420903345884682E-2
3.94100000000000028E9	9.96169618888425212E-2
3.94399999999999995E9	1.00502242043386403E-1
3.94700000000000006E9	1.01398072214372892E-1
3.95000000000000018E9	1.02304595822346833E-1
3.95300000000000029E9	1.03221958317148044E-1
3.95600000000000041E9	1.04150307202888248E-1
3.95899999999999963E9	1.05089792062997534E-1
3.96199999999999974E9	1.06040564585320984E-1
3.96499999999999986E9	1.07002778587248404E-1
3.96799999999999997E9	1.07976590040875831E-1
3.97100000000000009E9	1.08962157098163459E-1
3.97399999999999931E9	1.09959640116083857E-1
3.97699999999999942E9	1.10969201681746821E-1
3.97999999999999954E9	1.11991006637465262E-1
3.98299999999999965E9	1.13025222105762713E-1
3.98599999999999977E9	1.14072017514281221E-1
3.98899999999999988E9	1.15131564620585136E-1
3.99199999999999999E9	1.16204037536822269E-1
3.99500000000000011E9	1.17289612754227246E-1
3.99800000000000022E9	1.18388469167437105E-1
4.00100000000000033E9	1.19500788098593747E-1
4.00399999999999956E9	1.20626753321201674E-1
4.00699999999999967E9	1.21766551083714258E-1
4.00999999999999979E9	1.22920370132812162E-1
4.01299999999999990E9	1.24088401736348586E-1
4.01600000000000001E9	1.25270839705918879E-1
4.01900000000000013E9	1.26467880419018019E-1
4.02200000000000024E9	1.27679722840759791E-1
4.02500000000000036E9	1.28906568545096611E-1
4.02800000000000047E9	1.30148621735523906E-1
4.03100000000000058E9	1.31406089265202053E-1
4.03399999999999981E9	1.32679180656464668E-1
4.03699999999999992E9	1.33968108119659735E-1
4.04000000000000004E9	1.35273086571280454E-1
4.04300000000000015E9	1.36594333651322053E-1
4.04600000000000026E9	1.37932069739820196E-1
4.04899999999999949E9	1.39286517972517032E-1
4.05199999999999960E9	1.40657904255583355E-1
4.05499999999999972E9	1.42046457279348526E-1
4.05799999999999983E9	1.43452408530966191E-1
4.06099999999999994E9	1.44875992305955714E-1
4.06400000000000006E9	1.46317445718544370E-1
4.06700000000000017E9	1.47777008710740843E-1
4.07000000000000028E9	1.49254924060066196E-1
4.07300000000000040E9	1.50751437385865716E-1
4.07600000000000051E9	1.52266797154117617E-1
4.07899999999999974E9	1.53801254680652821E-1
4.08199999999999985E9	1.55355064132709519E-1
4.08499999999999996E9	1.56928482528719826E-1
4.08800000000000008E9	1.58521769736239548E-1
4.09100000000000019E9	1.60135188467931355E-1
4.09399999999999942E9	1.61769004275479933E-1
4.09699999999999953E9	1.63423485541371538E-1
4.09999999999999964E9	1.65098903468378522E-1
4.10299999999999976E9	1.66795532066698082E-1
4.10599999999999987E9	1.68513648138565220E-1
4.10899999999999999E9	1.70253531260280955E-1
4.11200000000000010E9	1.72015463761488085E-1
4.11500000000000021E9	1.73799730701585275E-1
4.11800000000000033E9	1.75606619843155642E-1
4.12100000000000044E9	1.77436421622252105E-1
4.12399999999999967E9	1.79289429115416965E-1
4.12699999999999978E9	1.81165938003288063E-1
4.12999999999999989E9	1.83066246530637877E-1
4.13300000000000001E9	1.84990655462694642E-1
4.13600000000000012E9	1.86939468037592160E-1
4.13900000000000023E9	1.88912989914774587E-1
4.14200000000000035E9	1.90911529119208856E-1
4.14500000000000046E9	1.92935395981211899E-1
4.14800000000000058E9	1.94984903071729976E-1
4.15100000000000069E9	1.97060365132890736E-1
4.15399999999999991E9	1.99162099003633308E-1
4.15700000000000003E9	2.01290423540240493E-1
4.16000000000000014E9	2.03445659531561907E-1
4.16300000000000026E9	2.05628129608754495E-1
4.16600000000000037E9	2.07838158149308683E-1
4.16899999999999959E9	2.10076071175178214E-1
4.17199999999999971E9	2.12342196244788406E-1
4.17499999999999982E9	2.14636862338714707E-1
4.17799999999999994E9	2.16960399738810628E-1
4.18100000000000005E9	2.19313139900557186E-1
4.18399999999999928E9	2.21695415318419498E-1
4.18699999999999939E9	2.24107559383970001E-1
4.18999999999999950E9	2.26549906236547205E-1
4.19299999999999962E9	2.29022790606228543E-1
4.19599999999999973E9	2.31526547648846481E-1
4.19899999999999984E9	2.34061512772849234E-1
4.20199999999999996E9	2.36628021457734450E-1
4.20500000000000007E9	2.39226409063815026E-1
4.20800000000000018E9	2.41857010633081781E-1
4.21100000000000030E9	2.44520160680915177E-1
4.21400000000000041E9	2.47216192978387861E-1
4.21700000000000053E9	2.49945440324932466E-1
4.22000000000000064E9	2.52708234311105295E-1
4.22300000000000075E9	2.55504905071228716E-1
4.22600000000000087E9	2.58335781025646627E-1
4.22900000000000009E9	2.61201188612366852E-1
4.23200000000000021E9	2.64101452007863458E-1
4.23500000000000032E9	2.67036892836778117E-1
4.23800000000000043E9	2.70007829870346416E-1
4.24100000000000055E9	2.73014578713255052E-1
4.24399999999999977E9	2.76057451478808513E-1
4.24699999999999989E9	2.79136756452121748E-1
4.25000000000000000E9	2.82252797741181816E-1
4.25300000000000011E9	2.85405874915596858E-1
4.25600000000000023E9	2.88596282632844936E-1
4.25899999999999945E9	2.91824310251863750E-1
4.26199999999999957E9	2.95090241433849920E-1
4.26499999999999968E9	2.98394353730104278E-1
4.26799999999999979E9	3.01736918156867251E-1
4.27099999999999991E9	3.05118198756970216E-1
4.27399999999999913E9	3.08538452148305220E-1
4.27699999999999925E9	3.11997927059002533E-1
4.27999999999999936E9	3.15496863849314568E-1
4.28299999999999947E9	3.19035494020194532E-1
4.28599999999999959E9	3.22614039708583267E-1
4.28899999999999970E9	3.26232713169471511E-1
4.29199999999999982E9	3.29891716244794297E-1
4.29499999999999993E9	3.33591239819299101E-1
4.29800000000000004E9	3.37331463263502496E-1
4.30100000000000016E9	3.41112553863960111E-1
4.30400000000000027E9	3.44934666241034371E-1
4.30700000000000038E9	3.48797941754452800E-1
4.31000000000000050E9	3.52702507896949280E-1
4.31300000000000061E9	3.56648477676343267E-1
4.31600000000000072E9	3.60635948986461452E-1
4.31899999999999995E9	3.64665003967345935E-1
4.32200000000000006E9	3.68735708355256220E-1
4.32500000000000018E9	3.72848110823013545E-1
4.32800000000000029E9	3.77002242311301261E-1
4.33100000000000041E9	3.81198115351587363E-1
4.33399999999999963E9	3.85435723381402706E-1
4.33699999999999974E9	3.89715040052768646E-1
4.33999999999999986E9	3.94036018534604082E-1
4.34299999999999997E9	3.98398590810078623E-1
4.34600000000000009E9	4.02802666969840217E-1
4.34899999999999931E9	4.07248134502230563E-1
4.35199999999999942E9	4.11734857581563318E-1
4.35499999999999954E9	4.16262676355706684E-1
4.35799999999999965E9	4.20831406234195704E-1
4.36099999999999977E9	4.25440837178258846E-1
4.36399999999999988E9	4.30090732994138403E-1
4.36699999999999999E9	4.34780830631218329E-1
4.37000000000000011E9	4.39510839486502736E-1
4.37300000000000022E9	4.44280440717102465E-1
4.37600000000000033E9	4.49089286562409207E-1
4.37899999999999956E9	4.53936999677779252E-1
4.38199999999999967E9	4.58823172481532282E-1
4.38499999999999979E9	4.63747366517218129E-1
4.38799999999999990E9	4.68709111833130621E-1
4.39100000000000001E9	4.73707906381098720E-1
4.39400000000000013E9	4.78743215436711811E-1
4.39700000000000024E9	4.83814471043096628E-1
4.40000000000000036E9	4.88921071480494085E-1
4.40300000000000047E9	4.94062380763935849E-1
4.40600000000000058E9	4.99237728171278139E-1
4.40899999999999981E9	5.04446407803989860E-1
4.41199999999999992E9	5.09687678183077608E-1
4.41500000000000004E9	5.14960761882572893E-1
4.41800000000000015E9	5.20264845202951154E-1
4.42100000000000026E9	5.25599077887041322E-1
4.42399999999999949E9	5.30962572880752859E-1
4.42699999999999960E9	5.36354406141164297E-1
4.42999999999999972E9	5.41773616494319743E-1
4.43299999999999983E9	5.47219205545200627E-1
4.43599999999999994E9	5.52690137642199986E-1
4.43900000000000006E9	5.58185339898443988E-1
4.44200000000000017E9	5.63703702272212581E-1
4.44500000000000028E9	5.69244077708666651E-1
4.44800000000000040E9	5.74805282345010760E-1
4.45100000000000051E9	5.80386095781095257E-1
4.45399999999999974E9	5.85985261417388337E-1
4.45699999999999985E9	5.91601486862136738E-1
4.45999999999999996E9	5.97233444409367120E-1
4.46300000000000008E9	6.02879771589298397E-1
4.46600000000000019E9	6.08539071792468178E-1
4.46899999999999942E9	6.14209914968889858E-1
4.47199999999999953E9	6.19890838403175604E-1
4.47499999999999964E9	6.25580347566504269E-1
4.47799999999999976E9	6.31276917046065567E-1
4.48099999999999987E9	6.36978991552382556E-1
4.48399999999999999E9	6.42684987004698272E-1
4.48700000000000010E9	6.48393291694416618E-1
4.49000000000000021E9	6.54102267526227710E-1
4.49300000000000033E9	6.59810251336448061E-1
4.49600000000000044E9	6.65515556287687104E-1
4.49899999999999967E9	6.71216473338812314E-1
4.50199999999999978E9	6.76911272788793639E-1
4.50499999999999989E9	6.82598205892851162E-1
4.50800000000000001E9	6.88275506548903415E-1
4.51100000000000012E9	6.93941393052166866E-1
4.51400000000000023E9	6.99594069915336103E-1
4.51700000000000035E9	7.05231729751649716E-1
4.52000000000000046E9	7.10852555217665660E-1
4.52300000000000058E9	7.16454721012488616E-1
4.52600000000000069E9	7.22036395929734010E-1
4.52899999999999991E9	7.27595744958444257E-1
4.53200000000000003E9	7.33130931428688193E-1
4.53500000000000014E9	7.38640119197548461E-1
4.53800000000000026E9	7.44121474870791300E-1
4.54100000000000037E9	7.49573170055434623E-1
4.54399999999999959E9	7.54993383638046289E-1
4.54699999999999971E9	7.60380304083673497E-1
4.54999999999999982E9	7.65732131749836231E-1
4.55299999999999994E9	7.71047081210097485E-1
4.55600000000000005E9	7.76323383581498572E-1
4.55899999999999928E9	7.81559288850023481E-1
4.56199999999999939E9	7.86753068188203120E-1
4.56499999999999950E9	7.91903016258915038E-1
4.56799999999999962E9	7.97007453499385754E-1
4.57099999999999973E9	8.02064728379375680E-1
4.57399999999999984E9	8.07073219627545768E-1
4.57699999999999996E9	8.12031338420104731E-1
4.58000000000000007E9	8.16937530525813216E-1
4.58300000000000018E9	8.21790278401556051E-1
4.58600000000000030E9	8.26588103232851168E-1
4.58900000000000041E9	8.31329566913734297E-1
4.59200000000000053E9	8.36013273960691983E-1
4.59500000000000064E9	8.40637873355493959E-1
4.59800000000000075E9	8.45202060311941672E-1
4.60100000000000087E9	8.49704577961902707E-1
4.60400000000000009E9	8.54144218956153622E-1
4.60700000000000021E9	8.58519826975880562E-1
4.61000000000000032E9	8.62830298151013508E-1
4.61300000000000043E9	8.67074582381843584E-1
4.61600000000000055E9	8.71251684560713713E-1
4.61899999999999977E9	8.75360665690949702E-1
4.62199999999999989E9	8.79400643900515888E-1
4.62500000000000000E9	8.83370795348261950E-1
4.62800000000000011E9	8.87270355021007795E-1
4.63100000000000023E9	8.91098617420094286E-1
4.63399999999999945E9	8.94854937136357442E-1
4.63699999999999957E9	8.98538729312970830E-1
4.63999999999999968E9	9.02149469995858055E-1
4.64299999999999979E9	9.05686696371822464E-1
4.64599999999999991E9	9.09150006894993901E-1
4.64899999999999913E9	9.12539061302296872E-1
4.65199999999999925E9	9.15853580519369359E-1
4.65499999999999936E9	9.19093346458351235E-1
4.65799999999999947E9	9.22258201709571779E-1
4.66099999999999959E9	9.25348049129274308E-1
4.66399999999999970E9	9.28362851326001604E-1
4.66699999999999982E9	9.31302630048388913E-1
4.66999999999999993E9	9.34167465477528580E-1
4.67300000000000004E9	9.36957495427186515E-1
4.67600000000000016E9	9.39672914455491082E-1
4.67900000000000027E9	9.42313972891867557E-1
4.68200000000000038E9	9.44880975783191523E-1
4.68500000000000050E9	9.47374281763313775E-1
4.68800000000000061E9	9.49794301850232792E-1
4.69100000000000072E9	9.52141498175363488E-1
4.69399999999999995E9	9.54416382649392148E-1
4.69700000000000006E9	9.56619515569323653E-1
4.70000000000000018E9	9.58751504171411106E-1
4.70300000000000029E9	9.60813001134638789E-1
4.70600000000000041E9	9.62804703039494036E-1
4.70899999999999963E9	9.64727348786756167E-1
4.71199999999999974E9	9.66581717980978006E-1
4.71499999999999986E9	9.68368629283356164E-1
4.71799999999999997E9	9.70088938738592788E-1
4.72100000000000009E9	9.71743538080232128E-1
4.72399999999999931E9	9.73333353019018865E-1
4.72699999999999942E9	9.74859341518530975E-1
4.72999999999999954E9	9.76322492062395142E-1
4.73299999999999965E9	9.77723821917115110E-1
4.73599999999999977E9	9.79064375394566078E-1
4.73899999999999988E9	9.80345222117917459E-1
4.74199999999999999E9	9.81567455294648106E-1
4.74500000000000011E9	9.82732190000216477E-1
4.74800000000000022E9	9.83840561475615516E-1
4.75100000000000033E9	9.84893723442080748E-1
4.75399999999999956E9	9.85892846435833192E-1
4.75699999999999967E9	9.86839116165702634E-1
4.75999999999999979E9	9.87733731896229195E-1
4.76299999999999990E9	9.88577904858644629E-1
4.76600000000000001E9	9.89372856691993086E-1
4.76900000000000013E9	9.90119817916433753E-1
4.77200000000000024E9	9.90820026440574253E-1
4.77500000000000036E9	9.91474726104545212E-1
4.77800000000000047E9	9.92085165260274060E-1
4.78100000000000058E9	9.92652595390342718E-1
4.78399999999999981E9	9.93178269766528743E-1
4.78699999999999992E9	9.93663442149050624E-1
4.79000000000000004E9	9.94109365527311617E-1
4.79300000000000015E9	9.94517290902856388E-1
4.79600000000000026E9	9.94888466115004455E-1
4.79899999999999949E9	9.95224134709544650E-1
4.80199999999999960E9	9.95525534850764338E-1
4.80499999999999972E9	9.95793898276853184E-1
4.80799999999999983E9	9.96030449298686449E-1
4.81099999999999994E9	9.96236403841858120E-1
4.81400000000000006E9	9.96412968531672583E-1
4.81700000000000017E9	9.96561339820773284E-1
4.82000000000000028E9	9.96682703158908012E-1
4.82300000000000040E9	9.96778232204350978E-1
4.82600000000000051E9	9.96849088076254475E-1
4.82899999999999974E9	9.96896418647322946E-1
4.83199999999999985E9	9.96921357875948466E-1
4.83499999999999996E9	9.96925025177015378E-1
4.83800000000000008E9	9.96908524830451270E-1
4.84100000000000019E9	9.96872945426578028E-1
4.84399999999999942E9	9.96819359347253098E-1
4.84699999999999953E9	9.96748822281796976E-1
4.84999999999999964E9	9.96662372776592598E-1
4.85299999999999976E9	9.96561031817260101E-1
4.85599999999999987E9	9.96445802442336692E-1
4.85899999999999999E9	9.96317669387217641E-1
4.86200000000000010E9	9.96177598757302007E-1
4.86500000000000021E9	9.96026537729078321E-1
4.86800000000000033E9	9.95865414278055994E-1
4.87100000000000044E9	9.95695136932287106E-1
4.87399999999999967E9	9.95516594550349865E-1
4.87699999999999978E9	9.95330656122589019E-1
4.87999999999999989E9	9.95138170594454685E-1
4.88300000000000001E9	9.94939966710779089E-1
4.88600000000000012E9	9.94736852879837485E-1
4.88900000000000023E9	9.94529617056054249E-1
4.89200000000000035E9	9.94319026640256887E-1
4.89500000000000046E9	9.94105828396372360E-1
4.89800000000000058E9	9.93890748383466693E-1
4.90100000000000069E9	9.93674491902107526E-1
4.90399999999999991E9	9.93457743454003328E-1
4.90700000000000003E9	9.93241166713892554E-1
4.91000000000000014E9	9.93025404512748722E-1
4.91300000000000026E9	9.92811078831306304E-1
4.91600000000000037E9	9.92598790803001307E-1
4.91899999999999959E9	9.92389120725434815E-1
4.92199999999999971E9	9.92182628079472195E-1
4.92499999999999982E9	9.91979851555176317E-1
4.92799999999999994E9	9.91781309083717666E-1
4.93100000000000005E9	9.91587497874551183E-1
4.93399999999999928E9	9.91398894457029733E-1
4.93699999999999939E9	9.91215954725839410E-1
4.93999999999999950E9	9.91039113989488740E-1
4.94299999999999962E9	9.90868787021226005E-1
4.94599999999999973E9	9.90705368111813556E-1
4.94899999999999984E9	9.90549231123467067E-1
4.95199999999999996E9	9.90400729544503911E-1
4.95500000000000007E9	9.90260196544110016E-1
4.95800000000000018E9	9.90127945026737599E-1
4.96100000000000030E9	9.90004267685690920E-1
4.96400000000000041E9	9.89889437055428090E-1
4.96700000000000053E9	9.89783705562188842E-1
4.97000000000000064E9	9.89687305572596721E-1
4.97300000000000075E9	9.89600449439820018E-1
4.97600000000000087E9	9.89523329547050778E-1
4.97900000000000009E9	9.89456118347956703E-1
4.98200000000000021E9	9.89398968403871493E-1
4.98500000000000032E9	9.89352012417487359E-1
4.98800000000000043E9	9.89315363262840108E-1
4.99100000000000055E9	9.89289114011424431E-1
4.99399999999999977E9	9.89273337954273302E-1
4.99699999999999989E9	9.89268088619915709E-1
5.00000000000000000E9	9.89273399788081065E-1
5.00300000000000011E9	9.89289285499117810E-1
5.00600000000000023E9	9.89315740059088888E-1
5.00899999999999945E9	9.89352738040518709E-1
5.01199999999999957E9	9.89400234278833324E-1
5.01499999999999968E9	9.89458163864540730E-1
5.01799999999999979E9	9.89526442131191608E-1
5.02099999999999991E9	9.89604964639294238E-1
5.02399999999999913E9	9.89693607156246991E-1
5.02699999999999925E9	9.89792225632502998E-1
5.02999999999999936E9	9.89900656174085825E-1
5.03299999999999947E9	9.90018715011773409E-1
5.03599999999999959E9	9.90146198467092198E-1
5.03899999999999970E9	9.90282882915470886E-1
5.04199999999999982E9	9.90428524746811334E-1
5.04499999999999993E9	9.90582860323827674E-1
5.04800000000000004E9	9.90745605938504070E-1
5.05100000000000016E9	9.90916457767072245E-1
5.05400000000000027E9	9.91095091823913243E-1
5.05700000000000038E9	9.91281163914847063E-1
5.06000000000000050E9	9.91474309590271652E-1
5.06300000000000061E9	9.91674144098667121E-1
5.06600000000000072E9	9.91880262341010166E-1
5.06899999999999995E9	9.92092238826653272E-1
5.07200000000000006E9	9.92309627631278701E-1
5.07500000000000018E9	9.92531962357538156E-1
5.07800000000000029E9	9.92758756099068229E-1
5.08100000000000041E9	9.92989501408533926E-1
5.08399999999999963E9	9.93223670270439563E-1
5.08699999999999974E9	9.93460714079463258E-1
5.08999999999999986E9	9.93700063625065866E-1
5.09299999999999997E9	9.93941129083206043E-1
5.09600000000000009E9	9.94183300015994043E-1
5.09899999999999931E9	9.94425945380138643E-1
5.10199999999999942E9	9.94668413545086061E-1
5.10499999999999954E9	9.94910032321777926E-1
5.10799999999999965E9	9.95150109002955396E-1
5.11099999999999977E9	9.95387930416005418E-1
5.11399999999999988E9	9.95622762989325771E-1
5.11699999999999999E9	9.95853852833216635E-1
5.12000000000000011E9	9.96080425836380634E-1
5.12299999999999933E9	9.96301687779050837E-1
5.12600000000000033E9	9.96516824463840400E-1
5.12899999999999956E9	9.96725001865393700E-1
5.13200000000000056E9	9.96925366299975657E-1
5.13499999999999979E9	9.97117044616104842E-1
5.13799999999999990E9	9.97299144407332783E-1
5.14100000000000001E9	9.97470754248360869E-1
5.14400000000000013E9	9.97630943955576832E-1
5.14700000000000024E9	9.97778764873199897E-1
5.15000000000000036E9	9.97913250186144296E-1
5.15299999999999958E9	9.98033415260726997E-1
5.15600000000000058E9	9.98138258014374635E-1
5.15899999999999981E9	9.98226759315383561E-1
5.16200000000000081E9	9.98297883413893317E-1
5.16500000000000004E9	9.98350578405039002E-1
5.16799999999999926E9	9.98383776725439809E-1
5.17100000000000026E9	9.98396395683906945E-1
5.17399999999999949E9	9.98387338027431426E-1
5.17700000000000049E9	9.98355492543315926E-1
5.17999999999999972E9	9.98299734698354158E-1
5.18299999999999983E9	9.98218927315845761E-1
5.18599999999999994E9	9.98111921291246063E-1
5.18900000000000006E9	9.97977556347102457E-1
5.19200000000000017E9	9.97814661827889537E-1
5.19500000000000028E9	9.97622057535336459E-1
5.19799999999999951E9	9.97398554604610155E-1
5.20100000000000051E9	9.97142956421783033E-1
5.20399999999999974E9	9.96854059582809882E-1
5.20700000000000074E9	9.96530654894162282E-1
5.20999999999999996E9	9.96171528415170826E-1
5.21299999999999919E9	9.95775462541980083E-1
5.21600000000000019E9	9.95341237132939938E-1
5.21899999999999942E9	9.94867630675042847E-1
5.22200000000000042E9	9.94353421490980161E-1
5.22499999999999964E9	9.93797388986174823E-1
5.22799999999999976E9	9.93198314934999615E-1
5.23099999999999987E9	9.92554984805322960E-1
5.23399999999999999E9	9.91866189120195152E-1
5.23700000000000010E9	9.91130724855547918E-1
5.24000000000000021E9	9.90347396872393659E-1
5.24299999999999944E9	9.89515019381975236E-1
5.24600000000000044E9	9.88632417442134148E-1
5.24899999999999967E9	9.87698428482923418E-1
5.25200000000000067E9	9.86711903859356987E-1
5.25499999999999989E9	9.85671710429033965E-1
5.25800000000000001E9	9.84576732152156886E-1
5.26100000000000012E9	9.83425871711293986E-1
5.26400000000000023E9	9.82218052148075316E-1
5.26700000000000035E9	9.80952218513848884E-1
5.27000000000000046E9	9.79627339531132613E-1
5.27299999999999969E9	9.78242409262540846E-1
5.27600000000000069E9	9.76796448783730220E-1
5.27899999999999991E9	9.75288507856732245E-1
5.28200000000000092E9	9.73717666599917564E-1
5.28500000000000014E9	9.72083037150706630E-1
5.28799999999999937E9	9.70383765316990576E-1
5.29100000000000037E9	9.68619032213171138E-1
5.29399999999999959E9	9.66788055876583208E-1
5.29700000000000060E9	9.64890092859976356E-1
5.29999999999999982E9	9.62924439795737186E-1
5.30299999999999905E9	9.60890434927364545E-1
5.30600000000000005E9	9.58787459603773051E-1
5.30899999999999928E9	9.56614939731916181E-1
5.31200000000000028E9	9.54372347183275060E-1
5.31499999999999950E9	9.52059201149690360E-1
5.31799999999999962E9	9.49675069444137776E-1
5.32099999999999973E9	9.47219569742091139E-1
5.32399999999999984E9	9.44692370759063316E-1
5.32699999999999996E9	9.42093193360257075E-1
5.33000000000000007E9	9.39421811598097989E-1
5.33300000000000018E9	9.36678053673780475E-1
5.33600000000000030E9	9.33861802818977083E-1
5.33900000000000041E9	9.30972998094098259E-1
5.34200000000000053E9	9.28011635099672283E-1
5.34500000000000064E9	9.24977766597611506E-1
5.34799999999999986E9	9.21871503039443141E-1
5.35100000000000087E9	9.18693012998670611E-1
5.35400000000000009E9	9.15442523504916572E-1
5.35700000000000109E9	9.12120320277596797E-1
5.36000000000000032E9	9.08726747857259909E-1
5.36299999999999955E9	9.05262209633061232E-1
5.36600000000000055E9	9.01727167765073645E-1
5.36899999999999977E9	8.98122143000592565E-1
5.37200000000000077E9	8.94447714383786341E-1
5.37500000000000000E9	8.90704518858563610E-1
5.37799999999999923E9	8.86893250764734198E-1
5.38100000000000023E9	8.83014661227985798E-1
5.38399999999999945E9	8.79069557444519134E-1
5.38700000000000045E9	8.75058801861570856E-1
5.38999999999999968E9	8.70983311255390902E-1
5.39299999999999891E9	8.66844055708576278E-1
5.39599999999999991E9	8.62642057489051339E-1
5.39899999999999913E9	8.58378389833297817E-1
5.40200000000000014E9	8.54054175636751545E-1
5.40499999999999936E9	8.49670586054619470E-1
5.40799999999999947E9	8.45228839016674094E-1
5.41099999999999959E9	8.40730197659822132E-1
5.41399999999999970E9	8.36175968682615611E-1
5.41699999999999982E9	8.31567500625981459E-1
5.41999999999999993E9	8.26906182084819719E-1
5.42300000000000004E9	8.22193439855213803E-1
5.42600000000000016E9	8.17430737022280951E-1
5.42900000000000027E9	8.12619570993777174E-1
5.43200000000000038E9	8.07761471484768556E-1
5.43500000000000050E9	8.02857998458783406E-1
5.43799999999999972E9	7.97910740030942645E-1
5.44100000000000072E9	7.92921310338644147E-1
5.44399999999999995E9	7.87891347385441421E-1
5.44700000000000095E9	7.82822510863739751E-1
5.45000000000000018E9	7.77716479961969398E-1
5.45299999999999940E9	7.72574951161836410E-1
5.45600000000000041E9	7.67399636031222432E-1
5.45899999999999963E9	7.62192259018233287E-1
5.46200000000000063E9	7.56954555251785255E-1
5.46499999999999986E9	7.51688268353999689E-1
5.46799999999999908E9	7.46395148269592568E-1
5.47100000000000009E9	7.41076949117212180E-1
5.47399999999999931E9	7.35735427067552550E-1
5.47700000000000031E9	7.30372338252935904E-1
5.47999999999999954E9	7.24989436712699664E-1
5.48299999999999965E9	7.19588472378697919E-1
5.48599999999999977E9	7.14171189104863213E-1
5.48899999999999988E9	7.08739322744587508E-1
5.49199999999999999E9	7.03294599279466404E-1
5.49500000000000011E9	6.97838733002602662E-1
5.49799999999999933E9	6.92373424759527545E-1
5.50100000000000033E9	6.86900360249437014E-1
5.50399999999999956E9	6.81421208389236899E-1
5.50700000000000056E9	6.75937619742582463E-1
5.50999999999999979E9	6.70451225015838670E-1
5.51299999999999990E9	6.64963633622677897E-1
5.51600000000000001E9	6.59476432318656958E-1
5.51900000000000013E9	6.53991183906976126E-1
5.52200000000000024E9	6.48509426016270396E-1
5.52500000000000036E9	6.43032669951116542E-1
5.52799999999999958E9	6.37562399615624997E-1
5.53100000000000058E9	6.32100070510307788E-1
5.53399999999999981E9	6.26647108802164610E-1
5.53700000000000081E9	6.21204910467692972E-1
5.54000000000000004E9	6.15774840508390486E-1
5.54299999999999926E9	6.10358232238024012E-1
5.54600000000000026E9	6.04956386640845700E-1
5.54899999999999949E9	5.99570571799710805E-1
5.55200000000000049E9	5.94202022392897256E-1
5.55499999999999972E9	5.88851939258310697E-1
5.55799999999999983E9	5.83521489023552142E-1
5.56099999999999994E9	5.78211803800274993E-1
5.56400000000000006E9	5.72923980941082966E-1
5.56700000000000017E9	5.67659082857165487E-1
5.57000000000000028E9	5.62418136894719822E-1
5.57299999999999951E9	5.57202135268196930E-1
5.57600000000000051E9	5.52012035048259619E-1
5.57899999999999974E9	5.46848758202370799E-1
5.58200000000000074E9	5.41713191685803963E-1
5.58499999999999996E9	5.36606187580860183E-1
5.58799999999999919E9	5.31528563282080313E-1
5.59100000000000019E9	5.26481101725146772E-1
5.59399999999999942E9	5.21464551657239106E-1
5.59700000000000042E9	5.16479627946556619E-1
5.59999999999999964E9	5.11527011928728470E-1
5.60299999999999976E9	5.06607351787861937E-1
5.60599999999999987E9	5.01721262970011672E-1
5.60899999999999999E9	4.96869328626823314E-1
5.61200000000000010E9	4.92052100087202859E-1
5.61500000000000021E9	4.87270097354864173E-1
5.61799999999999944E9	4.82523809629656331E-1
5.62100000000000044E9	4.77813695850600251E-1
5.62399999999999967E9	4.73140185258681267E-1
5.62700000000000067E9	4.68503677977397182E-1
5.62999999999999989E9	4.63904545609208707E-1
5.63300000000000001E9	4.59343131846043917E-1
5.63600000000000012E9	4.54819753092097745E-1
5.63900000000000023E9	4.50334699097230118E-1
5.64200000000000035E9	4.45888233599297479E-1
5.64500000000000046E9	4.41480594973886742E-1
5.64799999999999969E9	4.37111996889893817E-1
5.65100000000000069E9	4.32782628969566741E-1
5.65399999999999991E9	4.28492657451599168E-1
5.65700000000000092E9	4.24242225856001465E-1
5.66000000000000014E9	4.20031455649492091E-1
5.66299999999999937E9	4.15860446910261672E-1
5.66600000000000037E9	4.11729278991008307E-1
5.66899999999999959E9	4.07638011179184900E-1
5.67200000000000060E9	4.03586683353517373E-1
5.67499999999999982E9	3.99575316635870026E-1
5.67799999999999905E9	3.95603914037608817E-1
5.68100000000000005E9	3.91672461099681790E-1
5.68399999999999928E9	3.87780926525694136E-1
5.68700000000000028E9	3.83929262807283855E-1
5.68999999999999950E9	3.80117406841207162E-1
5.69299999999999962E9	3.76345280537553384E-1
5.69599999999999973E9	3.72612791418580658E-1
5.69899999999999984E9	3.68919833207715486E-1
5.70199999999999996E9	3.65266286408285179E-1
5.70500000000000007E9	3.61652018871628389E-1
5.70800000000000018E9	3.58076886354246415E-1
5.71100000000000030E9	3.54540733063716029E-1
5.71400000000000041E9	3.51043392193102699E-1
5.71700000000000053E9	3.47584686443690760E-1
5.72000000000000064E9	3.44164428535823941E-1
5.72299999999999986E9	3.40782421707753258E-1
5.72600000000000087E9	3.37438460202347379E-1
5.72900000000000009E9	3.34132329741615752E-1
5.73200000000000109E9	3.30863807988975855E-1
5.73500000000000032E9	3.27632664999250300E-1
5.73799999999999955E9	3.24438663656398729E-1
5.74100000000000055E9	3.21281560098989072E-1
5.74399999999999977E9	3.18161104133476513E-1
5.74700000000000077E9	3.15077039635345946E-1
5.75000000000000000E9	3.12029104938196067E-1
5.75299999999999923E9	3.09017033210874148E-1
5.75600000000000023E9	3.06040552822782708E-1
5.75899999999999945E9	3.03099387697469069E-1
5.76200000000000045E9	3.00193257654661805E-1
5.76499999999999968E9	2.97321878740909540E-1
5.76799999999999891E9	2.94484963548965295E-1
5.77099999999999991E9	2.91682221526127794E-1
5.77399999999999913E9	2.88913359271694103E-1
5.77700000000000014E9	2.86178080823728997E-1
5.77999999999999936E9	2.83476087935359633E-1
5.78299999999999947E9	2.80807080340775128E-1
5.78599999999999959E9	2.78170756011166853E-1
5.78899999999999970E9	2.75566811400812828E-1
5.79199999999999982E9	2.72994941683513037E-1
5.79499999999999993E9	2.70454840979622357E-1
5.79800000000000004E9	2.67946202573875913E-1
5.80100000000000016E9	2.65468719124247032E-1
5.80400000000000027E9	2.63022082862055084E-1
5.80700000000000038E9	2.60605985783563687E-1
5.81000000000000050E9	2.58220119833269024E-1
5.81299999999999972E9	2.55864177079123589E-1
5.81600000000000072E9	2.53537849879913235E-1
5.81899999999999995E9	2.51240831045007429E-1
5.82200000000000095E9	2.48972813986711028E-1
5.82500000000000018E9	2.46733492865425141E-1
5.82799999999999940E9	2.44522562727846093E-1
5.83100000000000041E9	2.42339719638407924E-1
5.83399999999999963E9	2.40184660804185413E-1
5.83700000000000063E9	2.38057084693465892E-1
5.83999999999999986E9	2.35956691148189446E-1
5.84299999999999908E9	2.33883181490465031E-1
5.84600000000000009E9	2.31836258623366742E-1
5.84899999999999931E9	2.29815627126190636E-1
5.85200000000000031E9	2.27820993344373601E-1
5.85499999999999954E9	2.25852065474267327E-1
5.85799999999999965E9	2.23908553642931363E-1
5.86099999999999977E9	2.21990169983152352E-1
5.86399999999999988E9	2.20096628703835862E-1
5.86699999999999999E9	2.18227646155970589E-1
5.87000000000000011E9	2.16382940894310627E-1
5.87299999999999933E9	2.14562233734950292E-1
5.87600000000000033E9	2.12765247808953850E-1
5.87899999999999956E9	2.10991708612182371E-1
5.88200000000000056E9	2.09241344051488110E-1
5.88499999999999979E9	2.07513884487402356E-1
5.88799999999999990E9	2.05809062773478857E-1
5.89100000000000001E9	2.04126614292423092E-1
5.89400000000000013E9	2.02466276989141258E-1
5.89700000000000024E9	2.00827791400846589E-1
5.90000000000000036E9	1.99210900684345771E-1
5.90299999999999958E9	1.97615350640632603E-1
5.90600000000000058E9	1.96040889736904345E-1
5.90899999999999981E9	1.94487269126124374E-1
5.91200000000000081E9	1.92954242664236730E-1
5.91500000000000004E9	1.91441566925145601E-1
5.91799999999999926E9	1.89949001213565860E-1
5.92100000000000026E9	1.88476307575845969E-1
5.92399999999999949E9	1.87023250808860175E-1
5.92700000000000049E9	1.85589598467068773E-1
5.92999999999999972E9	1.84175120867839293E-1
5.93299999999999983E9	1.82779591095115657E-1
5.93599999999999994E9	1.81402785001519451E-1
5.93900000000000006E9	1.80044481208978069E-1
5.94200000000000017E9	1.78704461107941182E-1
5.94500000000000028E9	1.77382508855283261E-1
5.94799999999999951E9	1.76078411370951948E-1
5.95100000000000051E9	1.74791958333442765E-1
5.95399999999999974E9	1.73522942174166905E-1
5.95700000000000074E9	1.72271158070779440E-1
5.95999999999999996E9	1.71036403939534010E-1
5.96299999999999919E9	1.69818480426722163E-1
5.96600000000000019E9	1.68617190899263170E-1
5.96899999999999942E9	1.67432341434500676E-1
5.97200000000000042E9	1.66263740809253191E-1
5.97499999999999964E9	1.65111200488190635E-1
5.97799999999999976E9	1.63974534611563483E-1
5.98099999999999987E9	1.62853559982361396E-1
5.98399999999999999E9	1.61748096052924017E-1
5.98700000000000010E9	1.60657964911066831E-1
5.99000000000000021E9	1.59582991265760343E-1
5.99299999999999944E9	1.58523002432403048E-1
5.99600000000000044E9	1.57477828317732316E-1
5.99899999999999967E9	1.56447301404409678E-1
6.00200000000000067E9	1.55431256735325185E-1
6.00499999999999989E9	1.54429531897640993E-1
6.00800000000000001E9	1.53441967006632662E-1
6.01100000000000012E9	1.52468404689338755E-1
6.01400000000000023E9	1.51508690068066132E-1
6.01700000000000035E9	1.50562670743774207E-1
6.02000000000000046E9	1.49630196779375502E-1
6.02299999999999969E9	1.48711120682967990E-1
6.02600000000000069E9	1.47805297391044865E-1
6.02899999999999991E9	1.46912584251691425E-1
6.03200000000000092E9	1.46032841007806358E-1
6.03500000000000014E9	1.45165929780364555E-1
6.03799999999999937E9	1.44311715051752576E-1
6.04100000000000037E9	1.43470063649190793E-1
6.04399999999999959E9	1.42640844728272786E-1
6.04700000000000060E9	1.41823929756638489E-1
6.04999999999999982E9	1.41019192497802015E-1
6.05299999999999905E9	1.40226508995156385E-1
6.05600000000000005E9	1.39445757556172079E-1
6.05899999999999928E9	1.38676818736810015E-1
6.06200000000000028E9	1.37919575326164390E-1
6.06499999999999950E9	1.37173912331357895E-1
6.06799999999999962E9	1.36439716962698387E-1
6.07099999999999973E9	1.35716878619123205E-1
6.07399999999999984E9	1.35005288873940343E-1
6.07699999999999996E9	1.34304841460883662E-1
6.08000000000000007E9	1.33615432260497968E-1
6.08300000000000018E9	1.32936959286874679E-1
6.08600000000000030E9	1.32269322674738787E-1
6.08900000000000041E9	1.31612424666918537E-1
6.09200000000000053E9	1.30966169602198201E-1
6.09500000000000064E9	1.30330463903578253E-1
6.09799999999999986E9	1.29705216066948070E-1
6.10100000000000087E9	1.29090336650193960E-1
6.10400000000000009E9	1.28485738262746052E-1
6.10700000000000109E9	1.27891335555587782E-1
6.11000000000000032E9	1.27307045211733993E-1
6.11299999999999955E9	1.26732785937194170E-1
6.11600000000000055E9	1.26168478452433619E-1
6.11899999999999977E9	1.25614045484347425E-1
6.12200000000000077E9	1.25069411758757365E-1
6.12500000000000000E9	1.24534503993449830E-1
6.12799999999999923E9	1.24009250891765799E-1
6.13100000000000023E9	1.23493583136755536E-1
6.13399999999999945E9	1.22987433385915379E-1
6.13700000000000045E9	1.22490736266518874E-1
6.13999999999999968E9	1.22003428371555600E-1
6.14299999999999891E9	1.21525448256297430E-1
6.14599999999999991E9	1.21056736435500123E-1
6.14899999999999913E9	1.20597235381260393E-1
6.15200000000000014E9	1.20146889521541733E-1
6.15499999999999936E9	1.19705645239391778E-1
6.15799999999999947E9	1.19273450872853592E-1
6.16099999999999959E9	1.18850256715603764E-1
6.16399999999999970E9	1.18436015018323615E-1
6.16699999999999982E9	1.18030679990826637E-1
6.16999999999999993E9	1.17634207804959168E-1
6.17300000000000004E9	1.17246556598294327E-1
6.17600000000000016E9	1.16867686478637522E-1
6.17900000000000027E9	1.16497559529363048E-1
6.18200000000000038E9	1.16136139815607797E-1
6.18500000000000050E9	1.15783393391339096E-1
6.18799999999999972E9	1.15439288307319554E-1
6.19100000000000072E9	1.15103794619995092E-1
6.19399999999999995E9	1.14776884401328472E-1
6.19700000000000095E9	1.14458531749605008E-1
6.20000000000000018E9	1.14148712801234264E-1
6.20299999999999940E9	1.13847405743578323E-1
6.20600000000000041E9	1.13554590828831548E-1
6.20899999999999963E9	1.13270250388984417E-1
6.21200000000000063E9	1.12994368851898996E-1
6.21499999999999986E9	1.12726932758531739E-1
6.21799999999999908E9	1.12467930781332659E-1
6.22100000000000009E9	1.12217353743858528E-1
6.22399999999999931E9	1.11975194641632814E-1
6.22700000000000031E9	1.11741448664297915E-1
6.22999999999999954E9	1.11516113219083635E-1
6.23299999999999965E9	1.11299187955650347E-1
6.23599999999999977E9	1.11090674792336985E-1
6.23899999999999988E9	1.10890577943861479E-1
6.24199999999999999E9	1.10698903950521865E-1
6.24500000000000011E9	1.10515661708943691E-1
6.24799999999999933E9	1.10340862504426673E-1
6.25100000000000033E9	1.10174520044939084E-1
6.25399999999999956E9	1.10016650496817969E-1
6.25700000000000056E9	1.09867272522232318E-1
6.25999999999999979E9	1.09726407318466079E-1
6.26299999999999990E9	1.09594078659085570E-1
6.26600000000000001E9	1.09470312937057357E-1
6.26900000000000013E9	1.09355139209880270E-1
6.27200000000000024E9	1.09248589246808359E-1
6.27500000000000036E9	1.09150697578233813E-1
6.27799999999999958E9	1.09061501547308648E-1
6.28100000000000058E9	1.08981041363891529E-1
6.28399999999999981E9	1.08909360160894608E-1
6.28700000000000081E9	1.08846504053127258E-1
6.29000000000000004E9	1.08792522198722730E-1
6.29299999999999926E9	1.08747466863255027E-1
6.29600000000000026E9	1.08711393486631236E-1
6.29899999999999949E9	1.08684360752880171E-1
6.30200000000000049E9	1.08666430662938662E-1
6.30499999999999972E9	1.08657668610556990E-1
6.30799999999999983E9	1.08658143461440027E-1
6.31099999999999994E9	1.08667927635754125E-1
6.31400000000000006E9	1.08687097194131521E-1
6.31700000000000017E9	1.08715731927311920E-1
6.32000000000000028E9	1.08753915449564498E-1
6.32299999999999951E9	1.08801735296045887E-1
6.32600000000000051E9	1.08859283024251230E-1
6.32899999999999974E9	1.08926654319726435E-1
6.33200000000000074E9	1.09003949106216891E-1
6.33499999999999996E9	1.09091271660435774E-1
6.33799999999999919E9	1.09188730731642702E-1
6.34100000000000019E9	1.09296439666237832E-1
6.34399999999999942E9	1.09414516537577877E-1
6.34700000000000042E9	1.09543084281237535E-1
6.34999999999999964E9	1.09682270835950857E-1
6.35299999999999976E9	1.09832209290469041E-1
6.35599999999999987E9	1.09993038036595925E-1
6.35899999999999999E9	1.10164900928666332E-1
6.36200000000000010E9	1.10347947449746386E-1
6.36500000000000021E9	1.10542332884852890E-1
6.36799999999999944E9	1.10748218501496476E-1
6.37100000000000044E9	1.10965771737877117E-1
6.37399999999999967E9	1.11195166399067347E-1
6.37700000000000067E9	1.11436582861545408E-1
6.37999999999999989E9	1.11690208286443848E-1
6.38300000000000001E9	1.11956236841917467E-1
6.38600000000000012E9	1.12234869935034087E-1
6.38900000000000023E9	1.12526316453626940E-1
6.39200000000000035E9	1.12830793018559494E-1
6.39500000000000046E9	1.13148524246883753E-1
6.39799999999999969E9	1.13479743026391255E-1
6.40100000000000069E9	1.13824690802086281E-1
6.40399999999999903E9	1.14183617875126497E-1
6.40700000000000092E9	1.14556783714826160E-1
6.40999999999999925E9	1.14944457284317925E-1
6.41299999999999937E9	1.15346917380523784E-1
6.41599999999999948E9	1.15764452989102451E-1
6.41899999999999959E9	1.16197363655086860E-1
6.42199999999999971E9	1.16645959869949079E-1
6.42499999999999982E9	1.17110563475877028E-1
6.42799999999999994E9	1.17591508088080299E-1
6.43100000000000005E9	1.18089139535987830E-1
6.43400000000000016E9	1.18603816324242795E-1
6.43700000000000028E9	1.19135910114441090E-1
6.44000000000000039E9	1.19685806228616087E-1
6.44299999999999962E9	1.20253904175509452E-1
6.44600000000000062E9	1.20840618200736172E-1
6.44899999999999984E9	1.21446377861987975E-1
6.45200000000000085E9	1.22071628630495232E-1
6.45500000000000007E9	1.22716832520009245E-1
6.45800000000000018E9	1.23382468744640161E-1
6.46100000000000030E9	1.24069034406948253E-1
6.46400000000000041E9	1.24777045217748972E-1
6.46700000000000053E9	1.25507036249165282E-1
6.47000000000000064E9	1.26259562722532115E-1
6.47299999999999898E9	1.27035200832834994E-1
6.47600000000000087E9	1.27834548611433796E-1
6.47899999999999920E9	1.28658226828912303E-1
6.48200000000000109E9	1.29506879939966746E-1
6.48499999999999943E9	1.30381177072338028E-1
6.48799999999999955E9	1.31281813061865615E-1
6.49099999999999966E9	1.32209509535837766E-1
6.49399999999999977E9	1.33165016046901030E-1
6.49699999999999989E9	1.34149111259859843E-1
6.50000000000000000E9	1.35162604193809854E-1
6.50300000000000011E9	1.36206335522115940E-1
6.50600000000000023E9	1.37281178932831915E-1
6.50900000000000034E9	1.38388042552246104E-1
6.51200000000000045E9	1.39527870434301438E-1
6.51500000000000057E9	1.40701644118715241E-1
6.51799999999999891E9	1.41910384260675682E-1
6.52100000000000080E9	1.43155152335057023E-1
6.52399999999999913E9	1.44437052418110312E-1
6.52700000000000102E9	1.45757233049622181E-1
6.52999999999999936E9	1.47116889178534516E-1
6.53299999999999947E9	1.48517264194982435E-1
6.53599999999999959E9	1.49959652051664438E-1
6.53899999999999970E9	1.51445399477373699E-1
6.54199999999999982E9	1.52975908285375772E-1
6.54499999999999993E9	1.54552637779159285E-1
6.54799999999999915E9	1.56177107257835313E-1
6.55100000000000016E9	1.57850898623166325E-1
6.55399999999999938E9	1.59575659089813460E-1
6.55700000000000038E9	1.61353103999928060E-1
6.55999999999999961E9	1.63185019742604798E-1
6.56299999999999972E9	1.65073266778024341E-1
6.56599999999999984E9	1.67019782765227021E-1
6.56899999999999995E9	1.69026585791446760E-1
6.57200000000000006E9	1.71095777699672857E-1
6.57500000000000018E9	1.73229547509667059E-1
6.57800000000000029E9	1.75430174925902049E-1
6.58100000000000041E9	1.77700033923868594E-1
6.58400000000000052E9	1.80041596403756543E-1
6.58700000000000063E9	1.82457435897742926E-1
6.59000000000000075E9	1.84950231313789648E-1
6.59299999999999908E9	1.87522770695043861E-1
6.59600000000000097E9	1.90177954969449314E-1
6.59899999999999931E9	1.92918801658994354E-1
6.60200000000000120E9	1.95748448512038853E-1
6.60499999999999954E9	1.98670157015178894E-1
6.60799999999999965E9	2.01687315733100192E-1
6.61099999999999977E9	2.04803443415616870E-1
6.61399999999999988E9	2.08022191800457090E-1
6.61699999999999999E9	2.11347348028095716E-1
6.62000000000000011E9	2.14782836570957603E-1
6.62299999999999933E9	2.18332720563200811E-1
6.62600000000000033E9	2.22001202399016995E-1
6.62899999999999956E9	2.25792623446420437E-1
6.63200000000000056E9	2.29711462699748736E-1
6.63499999999999979E9	2.33762334167098640E-1
6.63799999999999990E9	2.37949982758372514E-1
6.64100000000000001E9	2.42279278405145249E-1
6.64400000000000013E9	2.46755208104793056E-1
6.64700000000000024E9	2.51382865537884248E-1
6.65000000000000036E9	2.56167437859309066E-1
6.65300000000000047E9	2.61114189209846703E-1
6.65600000000000058E9	2.66228440435313907E-1
6.65900000000000070E9	2.71515544435233025E-1
6.66200000000000081E9	2.76980856491850247E-1
6.66500000000000092E9	2.82629698853654299E-1
6.66799999999999926E9	2.88467318765695957E-1
6.67100000000000115E9	2.94498839052865735E-1
6.67399999999999949E9	3.00729200273193253E-1
6.67700000000000138E9	3.07163093368173179E-1
6.67999999999999972E9	3.13804881648963274E-1
6.68299999999999983E9	3.20658510874749547E-1
6.68599999999999994E9	3.27727406107974018E-1
6.68900000000000006E9	3.35014353976880930E-1
6.69200000000000017E9	3.42521368947605476E-1
6.69500000000000028E9	3.50249542216531840E-1
6.69799999999999862E9	3.58198871891845672E-1
6.70100000000000051E9	3.66368073257293592E-1
6.70399999999999885E9	3.74754368119926751E-1
6.70700000000000074E9	3.83353252559184998E-1
6.70999999999999908E9	3.92158242842132587E-1
6.71299999999999919E9	4.01160599876629842E-1
6.71599999999999930E9	4.10349033369869076E-1
6.71899999999999942E9	4.19709387873820283E-1
6.72199999999999953E9	4.29224314158755149E-1
6.72499999999999964E9	4.38872930883402201E-1
6.72799999999999976E9	4.48630483337853647E-1
6.73099999999999987E9	4.58468008119500414E-1
6.73399999999999999E9	4.68352014938138694E-1
6.73700000000000010E9	4.78244199277720483E-1
6.74000000000000021E9	4.88101202274505219E-1
6.74299999999999944E9	4.97874436762496053E-1
6.74600000000000044E9	5.07510000791227966E-1
6.74899999999999967E9	5.16948701784324083E-1
6.75200000000000067E9	5.26126215571758138E-1
6.75499999999999989E9	5.34973404441028855E-1
6.75800000000000001E9	5.43416816737142039E-1
6.76100000000000012E9	5.51379387034328072E-1
6.76400000000000023E9	5.58781350200203786E-1
6.76700000000000035E9	5.65541374591661405E-1
6.77000000000000046E9	5.71577909164774489E-1
6.77299999999999880E9	5.76810726703652943E-1
6.77600000000000069E9	5.81162631234845328E-1
6.77899999999999903E9	5.84561282879153676E-1
6.78200000000000092E9	5.86941079090363171E-1
6.78499999999999925E9	5.88245018857567725E-1
6.78799999999999937E9	5.88426467513684237E-1
6.79099999999999948E9	5.87450735715527905E-1
6.79399999999999959E9	5.85296388051809657E-1
6.79699999999999971E9	5.81956205192009257E-1
6.79999999999999982E9	5.77437738430709047E-1
6.80299999999999994E9	5.71763416073664565E-1
6.80600000000000005E9	5.64970185798325719E-1
6.80900000000000016E9	5.57108703784365211E-1
6.81200000000000028E9	5.48242107622920560E-1
6.81500000000000039E9	5.38444433363897090E-1
6.81799999999999962E9	5.27798755468084124E-1
6.82100000000000062E9	5.16395140418127152E-1
6.82399999999999984E9	5.04328509599224972E-1
6.82700000000000085E9	4.91696504887177532E-1
6.83000000000000007E9	4.78597442004488371E-1
6.83300000000000018E9	4.65128423498215859E-1
6.83600000000000030E9	4.51383666841774733E-1
6.83900000000000041E9	4.37453085420090293E-1
6.84200000000000053E9	4.23421142630793490E-1
6.84500000000000064E9	4.09365983331473426E-1
6.84799999999999898E9	3.95358833306699697E-1
6.85100000000000087E9	3.81463646838945136E-1
6.85399999999999920E9	3.67736974996967092E-1
6.85700000000000109E9	3.54228022760778760E-1
6.85999999999999943E9	3.40978861230099950E-1
6.86299999999999955E9	3.28024761438569712E-1
6.86599999999999966E9	3.15394618196579302E-1
6.86899999999999977E9	3.03111435404173335E-1
6.87199999999999989E9	2.91192847956467871E-1
6.87500000000000000E9	2.79651659329932256E-1
6.87800000000000011E9	2.68496377895116378E-1
6.88100000000000023E9	2.57731738739188732E-1
6.88400000000000034E9	2.47359201163499520E-1
6.88700000000000045E9	2.37377414971219025E-1
6.89000000000000057E9	2.27782651150343263E-1
6.89299999999999891E9	2.18569194594789051E-1
6.89600000000000080E9	2.09729698120731189E-1
6.89899999999999913E9	2.01255498271575339E-1
6.90200000000000102E9	1.93136894313164831E-1
6.90499999999999936E9	1.85363392453913201E-1
6.90799999999999947E9	1.77923917732642334E-1
6.91099999999999959E9	1.70806996246131360E-1
6.91399999999999970E9	1.64000910479134698E-1
6.91699999999999982E9	1.57493830486866537E-1
6.91999999999999993E9	1.51273923592320525E-1
6.92299999999999915E9	1.45329445121819001E-1
6.92600000000000016E9	1.39648812530506095E-1
6.92899999999999938E9	1.34220665079512003E-1
6.93200000000000038E9	1.29033911029118098E-1
6.93499999999999961E9	1.24077764115429567E-1
6.93799999999999972E9	1.19341770887453769E-1
6.94099999999999984E9	1.14815830300962296E-1
6.94399999999999995E9	1.10490206797314916E-1
6.94700000000000006E9	1.06355537940955980E-1
6.95000000000000018E9	1.02402837548972281E-1
6.95300000000000029E9	9.86234951198236942E-2
6.95600000000000041E9	9.50092722556930980E-2
6.95900000000000052E9	9.15522966730003596E-2
6.96200000000000063E9	8.82450543076695837E-2
6.96500000000000075E9	8.50803799446587838E-2
6.96799999999999908E9	8.20514467340917086E-2
6.97100000000000097E9	7.91517548980284147E-2
6.97399999999999931E9	7.63751198815387333E-2
6.97700000000000120E9	7.37156601584103122E-2
6.97999999999999954E9	7.11677848646076061E-2
6.98299999999999965E9	6.87261814008925676E-2
6.98599999999999977E9	6.63858031189517206E-2
6.98899999999999988E9	6.41418571824813455E-2
6.99199999999999999E9	6.19897926753099426E-2
6.99500000000000011E9	5.99252890123474202E-2
6.99799999999999933E9	5.79442446955060309E-2
7.00100000000000033E9	5.60427664453493790E-2
7.00399999999999956E9	5.42171587297835877E-2
7.00700000000000056E9	5.24639137033017899E-2
7.00999999999999979E9	5.07797015639218774E-2
7.01299999999999990E9	4.91613613297387531E-2
7.01600000000000001E9	4.76058920328343316E-2
7.01900000000000013E9	4.61104443249570028E-2
7.02200000000000024E9	4.46723124867301369E-2
7.02500000000000036E9	4.32889268301511176E-2
7.02800000000000047E9	4.19578464825905151E-2
7.03100000000000058E9	4.06767525393962792E-2
7.03400000000000070E9	3.94434415714317854E-2
7.03700000000000081E9	3.82558194733878976E-2
7.04000000000000092E9	3.71118956384431664E-2
7.04299999999999926E9	3.60097774447773133E-2
7.04600000000000115E9	3.49476650395174504E-2
7.04899999999999949E9	3.39238464058893285E-2
7.05200000000000138E9	3.29366926996374820E-2
7.05499999999999972E9	3.19846538411370718E-2
7.05799999999999983E9	3.10662543500331401E-2
7.06099999999999994E9	3.01800894097056105E-2
7.06400000000000006E9	2.93248211493237232E-2
7.06700000000000017E9	2.84991751317678954E-2
7.07000000000000028E9	2.77019370361950790E-2
7.07299999999999862E9	2.69319495245321949E-2
7.07600000000000051E9	2.61881092816947891E-2
7.07899999999999885E9	2.54693642198198722E-2
7.08200000000000074E9	2.47747108372947933E-2
7.08499999999999908E9	2.41031917238373339E-2
7.08799999999999919E9	2.34538932033428438E-2
7.09099999999999930E9	2.28259431066584151E-2
7.09399999999999942E9	2.22185086668712239E-2
7.09699999999999953E9	2.16307945301071758E-2
7.09999999999999964E9	2.10620408752231114E-2
7.10299999999999976E9	2.05115216361592001E-2
7.10599999999999987E9	1.99785428210582783E-2
7.10899999999999999E9	1.94624409226079020E-2
7.11200000000000010E9	1.89625814143756299E-2
7.11500000000000021E9	1.84783573282118319E-2
7.11799999999999944E9	1.80091879080796868E-2
7.12100000000000044E9	1.75545173359467488E-2
7.12399999999999967E9	1.71138135256238111E-2
7.12700000000000067E9	1.66865669806817118E-2
7.12999999999999989E9	1.62722897128033339E-2
7.13300000000000001E9	1.58705142171418934E-2
7.13600000000000012E9	1.54807925014610737E-2
7.13900000000000023E9	1.51026951660190001E-2
7.14200000000000035E9	1.47358105313437293E-2
7.14500000000000046E9	1.43797438112067821E-2
7.14799999999999880E9	1.40341163282713377E-2
7.15100000000000069E9	1.36985647700296242E-2
7.15399999999999903E9	1.33727404827926621E-2
7.15700000000000092E9	1.30563088016223361E-2
7.15999999999999925E9	1.27489484142208243E-2
7.16299999999999937E9	1.24503507569094785E-2
7.16599999999999948E9	1.21602194409372233E-2
7.16899999999999959E9	1.18782697074621546E-2
7.17199999999999971E9	1.16042279096457079E-2
7.17499999999999982E9	1.13378310203900590E-2
7.17799999999999994E9	1.10788261643338304E-2
7.18100000000000005E9	1.08269701728010626E-2
7.18400000000000016E9	1.05820291604757766E-2
7.18700000000000028E9	1.03437781226407455E-2
7.19000000000000039E9	1.01120005518893796E-2
7.19299999999999962E9	9.88648807328027068E-3
7.19600000000000062E9	9.66704009696287692E-3
7.19899999999999984E9	9.45346348735684749E-3
7.20200000000000085E9	9.24557224802207678E-3
7.20500000000000007E9	9.04318722140130582E-3
7.20800000000000018E9	8.84613580266643496E-3
7.21100000000000030E9	8.65425166694072523E-3
7.21400000000000041E9	8.46737450921043333E-3
7.21700000000000053E9	8.28534979627663226E-3
7.22000000000000064E9	8.10802853013561808E-3
7.22299999999999898E9	7.93526702220740532E-3
7.22600000000000087E9	7.76692667786664259E-3
7.22899999999999920E9	7.60287379075727188E-3
7.23200000000000109E9	7.44297934640233017E-3
7.23499999999999943E9	7.28711883464652921E-3
7.23799999999999955E9	7.13517207049354596E-3
7.24099999999999966E9	6.98702302292378175E-3
7.24399999999999977E9	6.84255965130129162E-3
7.24699999999999989E9	6.70167374899810220E-3
7.25000000000000000E9	6.56426079388549866E-3
7.25300000000000011E9	6.43021980535855953E-3
7.25600000000000023E9	6.29945320757982596E-3
7.25900000000000034E9	6.17186669864266158E-3
7.26200000000000045E9	6.04736912537186022E-3
7.26500000000000057E9	5.92587236349294688E-3
7.26799999999999891E9	5.80729120291594736E-3
7.27100000000000080E9	5.69154323789237271E-3
7.27399999999999913E9	5.57854876181658721E-3
7.27700000000000102E9	5.46823066645440026E-3
7.27999999999999936E9	5.36051434539314808E-3
7.28299999999999947E9	5.25532760151731093E-3
7.28599999999999959E9	5.15260055832433395E-3
7.28899999999999970E9	5.05226557490388917E-3
7.29199999999999982E9	4.95425716441387909E-3
7.29499999999999993E9	4.85851191589302989E-3
7.29799999999999915E9	4.76496841925983272E-3
7.30100000000000016E9	4.67356719335346149E-3
7.30399999999999938E9	4.58425061688041247E-3
7.30700000000000038E9	4.49696286213654961E-3
7.30999999999999961E9	4.41164983138177558E-3
7.31299999999999972E9	4.32825909574865886E-3
7.31599999999999984E9	4.24673983657416976E-3
7.31899999999999995E9	4.16704278904742598E-3
7.32200000000000006E9	4.08912018807256672E-3
7.32500000000000018E9	4.01292571624993499E-3
7.32800000000000029E9	3.93841445388387967E-3
7.33100000000000041E9	3.86554283092960294E-3
7.33400000000000052E9	3.79426858079581431E-3
7.33700000000000063E9	3.72455069592340138E-3
7.34000000000000075E9	3.65634938506483920E-3
7.34299999999999908E9	3.58962603219183851E-3
7.34600000000000097E9	3.52434315696255673E-3
7.34899999999999931E9	3.46046437668258733E-3
7.35200000000000120E9	3.39795436969738640E-3
7.35499999999999954E9	3.33677884015608850E-3
7.35799999999999965E9	3.27690448408996593E-3
7.36099999999999977E9	3.21829895675091349E-3
7.36399999999999988E9	3.16093084115826883E-3
7.36699999999999999E9	3.10476961780416794E-3
7.37000000000000011E9	3.04978563547018400E-3
7.37299999999999933E9	2.99595008311002697E-3
7.37600000000000033E9	2.94323496275505958E-3
7.37899999999999956E9	2.89161306340137036E-3
7.38200000000000056E9	2.84105793583885635E-3
7.38499999999999979E9	2.79154386838481638E-3
7.38799999999999990E9	2.74304586348568025E-3
7.39100000000000001E9	2.69553961515264495E-3
7.39400000000000013E9	2.64900148719822370E-3
7.39700000000000024E9	2.60340849224191295E-3
7.40000000000000036E9	2.55873827145513921E-3
7.40300000000000047E9	2.51496907501630940E-3
7.40600000000000058E9	2.47207974324855329E-3
7.40900000000000070E9	2.43004968841351321E-3
7.41200000000000081E9	2.38885887713593670E-3
7.41500000000000092E9	2.34848781343484525E-3
7.41799999999999926E9	2.30891752233794589E-3
7.42100000000000115E9	2.27012953405706508E-3
7.42399999999999949E9	2.23210586870336147E-3
7.42700000000000138E9	2.19482902152174919E-3
7.42999999999999972E9	2.15828194862503508E-3
7.43299999999999983E9	2.12244805320894425E-3
7.43599999999999994E9	2.08731117223014140E-3
7.43900000000000006E9	2.05285556352982645E-3
7.44200000000000017E9	2.01906589338649534E-3
7.44500000000000028E9	1.98592722448185044E-3
7.44799999999999862E9	1.95342500426488197E-3
7.45100000000000051E9	1.92154505369912765E-3
7.45399999999999885E9	1.89027355637946592E-3
7.45700000000000074E9	1.85959704800471726E-3
7.45999999999999908E9	1.82950240619328897E-3
7.46299999999999919E9	1.79997684062935548E-3
7.46599999999999930E9	1.77100788352772964E-3
7.46899999999999942E9	1.74258338040595406E-3
7.47199999999999953E9	1.71469148115262482E-3
7.47499999999999964E9	1.68732063138138355E-3
7.47799999999999976E9	1.66045956406051021E-3
7.48099999999999987E9	1.63409729140820392E-3
7.48399999999999999E9	1.60822309704436472E-3
7.48700000000000010E9	1.58282652838974869E-3
7.49000000000000021E9	1.55789738930390409E-3
7.49299999999999944E9	1.53342573295351925E-3
7.49600000000000044E9	1.50940185490321355E-3
7.49899999999999967E9	1.48581628642104269E-3
7.50200000000000067E9	1.46265978799132967E-3
7.50499999999999989E9	1.43992334302770586E-3
7.50800000000000001E9	1.41759815177943294E-3
7.51100000000000012E9	1.39567562542455104E-3
7.51400000000000023E9	1.37414738034332995E-3
7.51700000000000035E9	1.35300523256602689E-3
7.52000000000000046E9	1.33224119238907512E-3
7.52299999999999880E9	1.31184745915391021E-3
7.52600000000000069E9	1.29181641618312226E-3
7.52899999999999903E9	1.27214062586859544E-3
7.53200000000000092E9	1.25281282490659374E-3
7.53499999999999925E9	1.23382591967489708E-3
7.53799999999999937E9	1.21517298174734378E-3
7.54099999999999948E9	1.19684724354115746E-3
7.54399999999999959E9	1.17884209409278951E-3
7.54699999999999971E9	1.16115107495802494E-3
7.54999999999999982E9	1.14376787623225540E-3
7.55299999999999994E9	1.12668633268711837E-3
7.55600000000000005E9	1.10990042001962008E-3
7.55900000000000016E9	1.09340425121013962E-3
7.56200000000000028E9	1.07719207298589126E-3
7.56500000000000039E9	1.06125826238632959E-3
7.56799999999999962E9	1.04559732342730038E-3
7.57100000000000062E9	1.03020388386083472E-3
7.57399999999999984E9	1.01507269202742578E-3
7.57700000000000085E9	1.00019861379799258E-3
7.58000000000000007E9	9.85576629602602239E-4
7.58300000000000018E9	9.71201831543271865E-4
7.58600000000000030E9	9.57069420588183739E-4
7.58900000000000041E9	9.43174703844790230E-4
7.59200000000000053E9	9.29513091909318945E-4
7.59500000000000064E9	9.16080096290360402E-4
7.59799999999999898E9	9.02871326904166693E-4
7.60100000000000087E9	8.89882489639503227E-4
7.60399999999999920E9	8.77109383989925462E-4
7.60700000000000109E9	8.64547900751334630E-4
7.60999999999999943E9	8.52194019782908185E-4
7.61299999999999955E9	8.40043807829403377E-4
7.61599999999999966E9	8.28093416403006444E-4
7.61899999999999977E9	8.16339079722915528E-4
7.62199999999999989E9	8.04777112710903886E-4
7.62500000000000000E9	7.93403909041182853E-4
7.62800000000000011E9	7.82215939242953073E-4
7.63100000000000023E9	7.71209748854019672E-4
7.63400000000000034E9	7.60381956624005451E-4
7.63700000000000045E9	7.49729252765656273E-4
7.64000000000000057E9	7.39248397252798561E-4
7.64299999999999891E9	7.28936218163585892E-4
7.64600000000000080E9	7.18789610067753326E-4
7.64899999999999913E9	7.08805532456450393E-4
7.65200000000000102E9	6.98981008213554844E-4
7.65499999999999936E9	6.89313122127158628E-4
7.65799999999999947E9	6.79799019440088337E-4
7.66099999999999959E9	6.70435904438339492E-4
7.66399999999999970E9	6.61221039076287287E-4
7.66699999999999982E9	6.52151741637668980E-4
7.66999999999999993E9	6.43225385431238550E-4
7.67299999999999915E9	6.34439397520166715E-4
7.67600000000000016E9	6.25791257484181074E-4
7.67899999999999938E9	6.17278496213512273E-4
7.68200000000000038E9	6.08898694733749757E-4
7.68499999999999961E9	6.00649483060751344E-4
7.68799999999999972E9	5.92528539084715433E-4
7.69099999999999984E9	5.84533587482614969E-4
7.69399999999999995E9	5.76662398658200104E-4
7.69700000000000006E9	5.68912787708786460E-4
7.70000000000000018E9	5.61282613418085585E-4
7.70300000000000029E9	5.53769777274352393E-4
7.70600000000000041E9	5.46372222513124139E-4
7.70900000000000052E9	5.39087933183918366E-4
7.71200000000000063E9	5.31914933240164167E-4
7.71500000000000075E9	5.24851285651780586E-4
7.71799999999999908E9	5.17895091539743557E-4
7.72100000000000097E9	5.11044489332062124E-4
7.72399999999999931E9	5.04297653940545576E-4
7.72700000000000120E9	4.97652795957854455E-4
7.72999999999999954E9	4.91108160874210675E-4
7.73299999999999965E9	4.84662028313279691E-4
7.73599999999999977E9	4.78312711286703518E-4
7.73899999999999988E9	4.72058555466765473E-4
7.74199999999999999E9	4.65897938476704443E-4
7.74500000000000011E9	4.59829269198213453E-4
7.74799999999999933E9	4.53850987095648328E-4
7.75100000000000033E9	4.47961561556515786E-4
7.75399999999999956E9	4.42159491247797476E-4
7.75700000000000056E9	4.36443303487689072E-4
7.75999999999999979E9	4.30811553632357302E-4
7.76299999999999990E9	4.25262824477303170E-4
7.76600000000000001E9	4.19795725672951114E-4
7.76900000000000013E9	4.14408893154107805E-4
7.77200000000000024E9	4.09100988582907110E-4
7.77500000000000036E9	4.03870698804876405E-4
7.77800000000000047E9	3.98716735317831805E-4
7.78100000000000058E9	3.93637833753213418E-4
7.78400000000000070E9	3.88632753369574502E-4
7.78700000000000081E9	3.83700276557887943E-4
7.79000000000000092E9	3.78839208358390334E-4
7.79299999999999926E9	3.74048375988634518E-4
7.79600000000000115E9	3.69326628382493372E-4
7.79899999999999949E9	3.64672835739814305E-4
7.80200000000000138E9	3.60085889086462441E-4
7.80499999999999972E9	3.55564699844485155E-4
7.80799999999999983E9	3.51108199412139443E-4
7.81099999999999994E9	3.46715338753530933E-4
7.81400000000000006E9	3.42385087997638182E-4
7.81700000000000017E9	3.38116436046448943E-4
7.82000000000000028E9	3.33908390192020921E-4
7.82299999999999862E9	3.29759975742216849E-4
7.82600000000000051E9	3.25670235654903983E-4
7.82899999999999885E9	3.21638230180411355E-4
7.83200000000000074E9	3.17663036512027563E-4
7.83499999999999908E9	3.13743748444352155E-4
7.83799999999999919E9	3.09879476039302038E-4
7.84099999999999930E9	3.06069345299573214E-4
7.84399999999999942E9	3.02312497849395534E-4
7.84699999999999953E9	2.98608090622378608E-4
7.84999999999999964E9	2.94955295556284014E-4
7.85299999999999976E9	2.91353299294568213E-4
7.85599999999999987E9	2.87801302894501543E-4
7.85899999999999999E9	2.84298521541730187E-4
7.86200000000000010E9	2.80844184271103092E-4
7.86500000000000021E9	2.77437533693636729E-4
7.86799999999999944E9	2.74077825729441482E-4
7.87100000000000044E9	2.70764329346487242E-4
7.87399999999999967E9	2.67496326305054444E-4
7.87700000000000067E9	2.64273110907742126E-4
7.87999999999999989E9	2.61093989754899347E-4
7.88300000000000001E9	2.57958281505340903E-4
7.88600000000000012E9	2.54865316642234108E-4
7.88900000000000023E9	2.51814437244026079E-4
7.89200000000000035E9	2.48804996760291353E-4
7.89500000000000046E9	2.45836359792390846E-4
7.89799999999999880E9	2.42907901878815480E-4
7.90100000000000069E9	2.40019009285121410E-4
7.90399999999999903E9	2.37169078798329069E-4
7.90700000000000092E9	2.34357517525697912E-4
7.90999999999999925E9	2.31583742697766404E-4
7.91299999999999937E9	2.28847181475557537E-4
7.91599999999999948E9	2.26147270761856323E-4
7.91899999999999959E9	2.23483457016462372E-4
7.92199999999999971E9	2.20855196075322846E-4
7.92499999999999982E9	2.18261952973463202E-4
7.92799999999999994E9	2.15703201771619568E-4
7.93100000000000005E9	2.13178425386494075E-4
7.93400000000000016E9	2.10687115424542615E-4
7.93700000000000028E9	2.08228772019224673E-4
7.94000000000000039E9	2.05802903671627657E-4
7.94299999999999962E9	2.03409027094387262E-4
7.94600000000000062E9	2.01046667058835515E-4
7.94899999999999984E9	1.98715356245300900E-4
7.95200000000000085E9	1.96414635096483758E-4
7.95500000000000007E9	1.94144051673846585E-4
7.95800000000000018E9	1.91903161516940446E-4
7.96100000000000030E9	1.89691527505614577E-4
7.96400000000000041E9	1.87508719725027584E-4
7.96700000000000053E9	1.85354315333414155E-4
7.97000000000000064E9	1.83227898432533554E-4
7.97299999999999898E9	1.81129059940746195E-4
7.97600000000000087E9	1.79057397468655011E-4
7.97899999999999920E9	1.77012515197261577E-4
7.98200000000000109E9	1.74994023758575890E-4
7.98499999999999943E9	1.73001540118621011E-4
7.98799999999999955E9	1.71034687462792689E-4
7.99099999999999966E9	1.69093095083509981E-4
7.99399999999999977E9	1.67176398270109594E-4
7.99699999999999989E9	1.65284238200942513E-4
8.00000000000000000E9	1.63416261837607424E-4


