freq	Eq_Tx
2.00000000000000000E9	1.05045050802236717E-2
2.00300000000000011E9	1.05544802007392535E-2
2.00599999999999978E9	1.06045849621248522E-2
2.00899999999999990E9	1.06548196275117224E-2
2.01199999999999957E9	1.07051844682342612E-2
2.01499999999999968E9	1.07556797639331680E-2
2.01799999999999979E9	1.08063058026278136E-2
2.02099999999999991E9	1.08570628808211689E-2
2.02400000000000002E9	1.09079513035664011E-2
2.02700000000000014E9	1.09589713845692938E-2
2.03000000000000025E9	1.10101234462645992E-2
2.03300000000000036E9	1.10614078199072075E-2
2.03600000000000003E9	1.11128248456543299E-2
2.03900000000000015E9	1.11643748726532177E-2
2.04199999999999982E9	1.12160582591264690E-2
2.04499999999999993E9	1.12678753724517655E-2
2.04800000000000004E9	1.13198265892554417E-2
2.05099999999999971E9	1.13719122954858354E-2
2.05399999999999983E9	1.14241328865071345E-2
2.05699999999999994E9	1.14764887671770710E-2
2.06000000000000005E9	1.15289803519324208E-2
2.06300000000000017E9	1.15816080648743203E-2
2.06599999999999984E9	1.16343723398434440E-2
2.06899999999999995E9	1.16872736205158390E-2
2.07200000000000006E9	1.17403123604711968E-2
2.07500000000000018E9	1.17934890232861878E-2
2.07800000000000029E9	1.18468040826101606E-2
2.08099999999999996E9	1.19002580222491372E-2
2.08400000000000007E9	1.19538513362495413E-2
2.08699999999999974E9	1.20075845289733429E-2
2.08999999999999986E9	1.20614581151857925E-2
2.09299999999999997E9	1.21154726201325924E-2
2.09600000000000009E9	1.21696285796226000E-2
2.09900000000000020E9	1.22239265401074393E-2
2.10199999999999987E9	1.22783670587590876E-2
2.10499999999999998E9	1.23329507035585340E-2
2.10800000000000010E9	1.23876780533650765E-2
2.11099999999999977E9	1.24425496980034245E-2
2.11399999999999988E9	1.24975662383401054E-2
2.11699999999999999E9	1.25527282863652934E-2
2.12000000000000011E9	1.26080364652703469E-2
2.12300000000000022E9	1.26634914095256845E-2
2.12599999999999989E9	1.27190937649652769E-2
2.12900000000000000E9	1.27748441888583697E-2
2.13200000000000012E9	1.28307433499944157E-2
2.13500000000000023E9	1.28867919287590738E-2
2.13800000000000034E9	1.29429906172104014E-2
2.14100000000000001E9	1.29993401191651703E-2
2.14400000000000013E9	1.30558411502679328E-2
2.14699999999999980E9	1.31124944380752462E-2
2.14999999999999991E9	1.31693007221330527E-2
2.15300000000000002E9	1.32262607540548083E-2
2.15599999999999969E9	1.32833752975978636E-2
2.15899999999999981E9	1.33406451287443639E-2
2.16199999999999992E9	1.33980710357774035E-2
2.16500000000000004E9	1.34556538193625830E-2
2.16800000000000015E9	1.35133942926213035E-2
2.17100000000000026E9	1.35712932812130882E-2
2.17400000000000038E9	1.36293516234108014E-2
2.17700000000000005E9	1.36875701701822750E-2
2.18000000000000016E9	1.37459497852659962E-2
2.18300000000000027E9	1.38044913452499274E-2
2.18599999999999994E9	1.38631957396518435E-2
2.18900000000000006E9	1.39220638709961397E-2
2.19199999999999973E9	1.39810966548922666E-2
2.19499999999999984E9	1.40402950201154897E-2
2.19799999999999995E9	1.40996599086840146E-2
2.20099999999999962E9	1.41591922759396271E-2
2.20399999999999974E9	1.42188930906241628E-2
2.20699999999999985E9	1.42787633349653142E-2
2.20999999999999996E9	1.43388040047470411E-2
2.21300000000000008E9	1.43990161093969760E-2
2.21600000000000019E9	1.44594006720639379E-2
2.21900000000000031E9	1.45199587296974708E-2
2.22199999999999998E9	1.45806913331286836E-2
2.22500000000000009E9	1.46415995471535076E-2
2.22800000000000020E9	1.47026844506076770E-2
2.23099999999999987E9	1.47639471364592767E-2
2.23399999999999999E9	1.48253887118746541E-2
2.23699999999999966E9	1.48870102983166941E-2
2.23999999999999977E9	1.49488130316160683E-2
2.24299999999999988E9	1.50107980620567294E-2
2.24600000000000000E9	1.50729665544627212E-2
2.24900000000000011E9	1.51353196882771268E-2
2.25199999999999978E9	1.51978586576494923E-2
2.25499999999999989E9	1.52605846715133864E-2
2.25800000000000001E9	1.53234989536844890E-2
2.26100000000000012E9	1.53866027429287122E-2
2.26400000000000023E9	1.54498972930633327E-2
2.26699999999999990E9	1.55133838730322471E-2
2.27000000000000002E9	1.55770637670006651E-2
2.27300000000000013E9	1.56409382744350545E-2
2.27599999999999980E9	1.57050087101978431E-2
2.27899999999999991E9	1.57692764046305278E-2
2.28200000000000003E9	1.58337427036457523E-2
2.28500000000000014E9	1.58984089688152386E-2
2.28800000000000026E9	1.59632765774598662E-2
2.29099999999999993E9	1.60283469227430775E-2
2.29400000000000004E9	1.60936214137578104E-2
2.29699999999999971E9	1.61591014756226081E-2
2.29999999999999982E9	1.62247885495738764E-2
2.30299999999999994E9	1.62906840930571795E-2
2.30600000000000005E9	1.63567895798242890E-2
2.30900000000000016E9	1.64231065000246534E-2
2.31199999999999983E9	1.64896363603070895E-2
2.31499999999999995E9	1.65563806839103100E-2
2.31800000000000006E9	1.66233410107620694E-2
2.32100000000000017E9	1.66905188975811258E-2
2.32400000000000029E9	1.67579159179726322E-2
2.32699999999999996E9	1.68255336625267060E-2
2.33000000000000007E9	1.68933737389249927E-2
2.33300000000000018E9	1.69614377720368337E-2
2.33599999999999985E9	1.70297274040239355E-2
2.33899999999999997E9	1.70982442944473334E-2
2.34199999999999964E9	1.71669901203669495E-2
2.34499999999999975E9	1.72359665764495729E-2
2.34799999999999986E9	1.73051753750754767E-2
2.35099999999999998E9	1.73746182464467713E-2
2.35400000000000009E9	1.74442969386961688E-2
2.35700000000000021E9	1.75142132179959154E-2
2.36000000000000032E9	1.75843688686679034E-2
2.36300000000000043E9	1.76547656932987018E-2
2.36600000000000010E9	1.77254055128514132E-2
2.36900000000000022E9	1.77962901667791940E-2
2.37199999999999989E9	1.78674215131419523E-2
2.37500000000000000E9	1.79388014287224640E-2
2.37800000000000011E9	1.80104318091470539E-2
2.38099999999999978E9	1.80823145690010811E-2
2.38399999999999990E9	1.81544516419516988E-2
2.38699999999999957E9	1.82268449808705468E-2
2.38999999999999968E9	1.82994965579547064E-2
2.39299999999999979E9	1.83724083648552972E-2
2.39599999999999991E9	1.84455824127982959E-2
2.39900000000000002E9	1.85190207327167133E-2
2.40200000000000014E9	1.85927253753762001E-2
2.40500000000000025E9	1.86666984115082002E-2
2.40800000000000036E9	1.87409419319390902E-2
2.41100000000000003E9	1.88154580477245936E-2
2.41400000000000015E9	1.88902488902862764E-2
2.41699999999999982E9	1.89653166115447736E-2
2.41999999999999993E9	1.90406633840600348E-2
2.42300000000000004E9	1.91162914011698137E-2
2.42599999999999971E9	1.91922028771326625E-2
2.42899999999999983E9	1.92684000472681105E-2
2.43199999999999994E9	1.93448851681025880E-2
2.43500000000000005E9	1.94216605175161616E-2
2.43800000000000017E9	1.94987283948896750E-2
2.44099999999999984E9	1.95760911212535116E-2
2.44399999999999995E9	1.96537510394426262E-2
2.44700000000000006E9	1.97317105142456617E-2
2.45000000000000018E9	1.98099719325619938E-2
2.45300000000000029E9	1.98885377035586020E-2
2.45599999999999996E9	1.99674102588306246E-2
2.45900000000000007E9	2.00465920525577701E-2
2.46199999999999974E9	2.01260855616713963E-2
2.46499999999999986E9	2.02058932860173002E-2
2.46799999999999997E9	2.02860177485224913E-2
2.47100000000000009E9	2.03664614953629908E-2
2.47400000000000020E9	2.04472270961389091E-2
2.47699999999999987E9	2.05283171440396650E-2
2.47999999999999998E9	2.06097342560284380E-2
2.48300000000000010E9	2.06914810730080134E-2
2.48599999999999977E9	2.07735602600122871E-2
2.48899999999999988E9	2.08559745063789670E-2
2.49199999999999999E9	2.09387265259345545E-2
2.49500000000000011E9	2.10218190571849162E-2
2.49800000000000022E9	2.11052548634989634E-2
2.50099999999999989E9	2.11890367332983320E-2
2.50400000000000000E9	2.12731674802586834E-2
2.50700000000000012E9	2.13576499434911549E-2
2.51000000000000023E9	2.14424869877543012E-2
2.51300000000000034E9	2.15276815036443825E-2
2.51600000000000001E9	2.16132364078014616E-2
2.51900000000000013E9	2.16991546431168958E-2
2.52199999999999980E9	2.17854391789360724E-2
2.52499999999999991E9	2.18720930112714118E-2
2.52800000000000002E9	2.19591191630161031E-2
2.53099999999999969E9	2.20465206841577510E-2
2.53399999999999981E9	2.21343006519971919E-2
2.53699999999999992E9	2.22224621713693793E-2
2.54000000000000004E9	2.23110083748674493E-2
2.54300000000000015E9	2.23999424230678068E-2
2.54600000000000026E9	2.24892675047604085E-2
2.54900000000000038E9	2.25789868371795022E-2
2.55200000000000005E9	2.26691036662414369E-2
2.55500000000000016E9	2.27596212667795639E-2
2.55800000000000027E9	2.28505429427854301E-2
2.56100000000000039E9	2.29418720276539911E-2
2.56399999999999961E9	2.30336118844275362E-2
2.56699999999999973E9	2.31257659060495557E-2
2.56999999999999984E9	2.32183375156154881E-2
2.57299999999999995E9	2.33113301666250239E-2
2.57600000000000007E9	2.34047473432517705E-2
2.57899999999999974E9	2.34985925605919510E-2
2.58199999999999985E9	2.35928693649417864E-2
2.58499999999999996E9	2.36875813340611163E-2
2.58800000000000008E9	2.37827320774445905E-2
2.59100000000000019E9	2.38783252366009258E-2
2.59399999999999986E9	2.39743644853300619E-2
2.59699999999999998E9	2.40708535300060511E-2
2.60000000000000009E9	2.41677961098621541E-2
2.60300000000000020E9	2.42651959972816256E-2
2.60600000000000032E9	2.43630569980914302E-2
2.60899999999999954E9	2.44613829518570425E-2
2.61199999999999966E9	2.45601777321844184E-2
2.61499999999999977E9	2.46594452470242498E-2
2.61799999999999988E9	2.47591894389766631E-2
2.62100000000000000E9	2.48594142856113898E-2
2.62399999999999967E9	2.49601237997708569E-2
2.62699999999999978E9	2.50613220299004569E-2
2.62999999999999989E9	2.51630130603663860E-2
2.63300000000000001E9	2.52652010117848302E-2
2.63600000000000012E9	2.53678900413523589E-2
2.63899999999999979E9	2.54710843431834366E-2
2.64199999999999990E9	2.55747881486446804E-2
2.64500000000000002E9	2.56790057267084038E-2
2.64800000000000013E9	2.57837413842897600E-2
2.65100000000000025E9	2.58889994666054957E-2
2.65399999999999991E9	2.59947843575296877E-2
2.65700000000000003E9	2.61011004799529900E-2
2.66000000000000014E9	2.62079522961496636E-2
2.66300000000000026E9	2.63153443081457716E-2
2.66600000000000037E9	2.64232810580964994E-2
2.66899999999999959E9	2.65317671286623913E-2
2.67199999999999971E9	2.66408071433913474E-2
2.67499999999999982E9	2.67504057671145556E-2
2.67799999999999994E9	2.68605677063305848E-2
2.68100000000000005E9	2.69712977096071516E-2
2.68399999999999972E9	2.70826005679870097E-2
2.68699999999999983E9	2.71944811153897437E-2
2.68999999999999995E9	2.73069442290291420E-2
2.69300000000000006E9	2.74199948298255780E-2
2.69600000000000017E9	2.75336378828360306E-2
2.69899999999999984E9	2.76478783976778830E-2
2.70199999999999996E9	2.77627214289601421E-2
2.70500000000000007E9	2.78781720767253782E-2
2.70800000000000018E9	2.79942354868927890E-2
2.71100000000000030E9	2.81109168517059604E-2
2.71399999999999952E9	2.82282214101898310E-2
2.71699999999999964E9	2.83461544486091288E-2
2.71999999999999975E9	2.84647213009339506E-2
2.72299999999999986E9	2.85839273493133694E-2
2.72599999999999998E9	2.87037780245502416E-2
2.72900000000000009E9	2.88242788065852551E-2
2.73200000000000021E9	2.89454352249882030E-2
2.73500000000000032E9	2.90672528594472723E-2
2.73800000000000043E9	2.91897373402749238E-2
2.74100000000000055E9	2.93128943489129412E-2
2.74399999999999977E9	2.94367296184458560E-2
2.74699999999999989E9	2.95612489341189466E-2
2.75000000000000000E9	2.96864581338666289E-2
2.75300000000000011E9	2.98123631088425034E-2
2.75600000000000023E9	2.99389698039568763E-2
2.75899999999999945E9	3.00662842184237000E-2
2.76199999999999957E9	3.01943124063132373E-2
2.76499999999999968E9	3.03230604771063650E-2
2.76799999999999979E9	3.04525345962633409E-2
2.77099999999999991E9	3.05827409857929489E-2
2.77400000000000002E9	3.07136859248348237E-2
2.77700000000000014E9	3.08453757502407466E-2
2.78000000000000025E9	3.09778168571727619E-2
2.78300000000000036E9	3.11110156996972886E-2
2.78600000000000048E9	3.12449787913977683E-2
2.78899999999999970E9	3.13797127059882497E-2
2.79199999999999982E9	3.15152240779314230E-2
2.79499999999999993E9	3.16515196030758261E-2
2.79800000000000004E9	3.17886060392857406E-2
2.80100000000000016E9	3.19264902070915291E-2
2.80399999999999983E9	3.20651789903384721E-2
2.80699999999999994E9	3.22046793368508055E-2
2.81000000000000005E9	3.23449982590980900E-2
2.81300000000000017E9	3.24861428348742542E-2
2.81600000000000028E9	3.26281202079796717E-2
2.81899999999999995E9	3.27709375889174925E-2
2.82200000000000006E9	3.29146022555928042E-2
2.82500000000000018E9	3.30591215540251149E-2
2.82800000000000029E9	3.32045028990630486E-2
2.83100000000000041E9	3.33507537751172922E-2
2.83399999999999963E9	3.34978817368918769E-2
2.83699999999999974E9	3.36458944101332991E-2
2.83999999999999986E9	3.37947994923798722E-2
2.84299999999999997E9	3.39446047537287843E-2
2.84600000000000009E9	3.40953180376075071E-2
2.84899999999999975E9	3.42469472615558512E-2
2.85199999999999987E9	3.43995004180129271E-2
2.85499999999999998E9	3.45529855751255699E-2
2.85800000000000010E9	3.47074108775534418E-2
2.86100000000000021E9	3.48627845472869469E-2
2.86399999999999988E9	3.50191148844845657E-2
2.86699999999999999E9	3.51764102683078317E-2
2.87000000000000011E9	3.53346791577711539E-2
2.87300000000000022E9	3.54939300926044909E-2
2.87600000000000033E9	3.56541716941230780E-2
2.87900000000000000E9	3.58154126661098893E-2
2.88200000000000012E9	3.59776617957053224E-2
2.88500000000000023E9	3.61409279543123496E-2
2.88800000000000034E9	3.63052200985088191E-2
2.89100000000000046E9	3.64705472709718093E-2
2.89399999999999968E9	3.66369186014146830E-2
2.89699999999999980E9	3.68043433075333404E-2
2.89999999999999991E9	3.69728306959643849E-2
2.90300000000000002E9	3.71423901632567999E-2
2.90600000000000014E9	3.73130311968487227E-2
2.90899999999999981E9	3.74847633760690879E-2
2.91199999999999992E9	3.76575963731376362E-2
2.91500000000000004E9	3.78315399541825226E-2
2.91800000000000015E9	3.80066039802717803E-2
2.92100000000000026E9	3.81827984084560201E-2
2.92399999999999993E9	3.83601332928218408E-2
2.92700000000000005E9	3.85386187855609830E-2
2.93000000000000016E9	3.87182651380485021E-2
2.93300000000000027E9	3.88990827019397667E-2
2.93600000000000039E9	3.90810819302736778E-2
2.93899999999999961E9	3.92642733785945675E-2
2.94199999999999973E9	3.94486677060849900E-2
2.94499999999999984E9	3.96342756767111215E-2
2.94799999999999995E9	3.98211081603884676E-2
2.95100000000000007E9	4.00091761341518914E-2
2.95399999999999974E9	4.01984906833453071E-2
2.95699999999999985E9	4.03890630028288289E-2
2.95999999999999996E9	4.05809043981901496E-2
2.96300000000000008E9	4.07740262869837977E-2
2.96600000000000019E9	4.09684401999723402E-2
2.96899999999999986E9	4.11641577823924987E-2
2.97199999999999998E9	4.13611907952313196E-2
2.97500000000000009E9	4.15595511165191578E-2
2.97800000000000020E9	4.17592507426348725E-2
2.98100000000000032E9	4.19603017896359720E-2
2.98399999999999954E9	4.21627164945928534E-2
2.98699999999999966E9	4.23665072169464096E-2
2.98999999999999977E9	4.25716864398819084E-2
2.99299999999999988E9	4.27782667717151366E-2
2.99600000000000000E9	4.29862609472987955E-2
2.99899999999999967E9	4.31956818294442346E-2
3.00199999999999978E9	4.34065424103615527E-2
3.00499999999999989E9	4.36188558131140613E-2
3.00800000000000001E9	4.38326352930943308E-2
3.01100000000000012E9	4.40478942395135409E-2
3.01399999999999979E9	4.42646461769127875E-2
3.01699999999999990E9	4.44829047666872857E-2
3.02000000000000002E9	4.47026838086363920E-2
3.02300000000000013E9	4.49239972425234146E-2
3.02600000000000025E9	4.51468591496595018E-2
3.02899999999999991E9	4.53712837545073278E-2
3.03200000000000003E9	4.55972854262983773E-2
3.03500000000000014E9	4.58248786806761643E-2
3.03800000000000026E9	4.60540781813517786E-2
3.04100000000000037E9	4.62848987417878988E-2
3.04399999999999959E9	4.65173553268939077E-2
3.04699999999999971E9	4.67514630547470844E-2
3.04999999999999982E9	4.69872371983337178E-2
3.05299999999999994E9	4.72246931873062348E-2
3.05600000000000005E9	4.74638466097672396E-2
3.05899999999999972E9	4.77047132140713881E-2
3.06199999999999983E9	4.79473089106494754E-2
3.06499999999999995E9	4.81916497738524363E-2
3.06800000000000006E9	4.84377520438204012E-2
3.07100000000000017E9	4.86856321283710969E-2
3.07399999999999984E9	4.89353066049112506E-2
3.07699999999999996E9	4.91867922223725174E-2
3.08000000000000007E9	4.94401059031639534E-2
3.08300000000000018E9	4.96952647451590224E-2
3.08600000000000030E9	4.99522860236912258E-2
3.08899999999999952E9	5.02111871935870546E-2
3.09199999999999964E9	5.04719858912141284E-2
3.09499999999999975E9	5.07346999365532625E-2
3.09799999999999986E9	5.09993473353037352E-2
3.10099999999999998E9	5.12659462809993194E-2
3.10400000000000009E9	5.15345151571624438E-2
3.10700000000000021E9	5.18050725394749279E-2
3.11000000000000032E9	5.20776371979766672E-2
3.11300000000000043E9	5.23522280992909828E-2
3.11600000000000055E9	5.26288644088712765E-2
3.11899999999999977E9	5.29075654932835882E-2
3.12199999999999989E9	5.31883509225034956E-2
3.12500000000000000E9	5.34712404722473700E-2
3.12800000000000011E9	5.37562541263279403E-2
3.13100000000000023E9	5.40434120790394079E-2
3.13399999999999945E9	5.43327347375659819E-2
3.13699999999999957E9	5.46242427244199913E-2
3.13999999999999968E9	5.49179568799123086E-2
3.14299999999999979E9	5.52138982646400400E-2
3.14599999999999991E9	5.55120881620183759E-2
3.14900000000000002E9	5.58125480808242980E-2
3.15200000000000014E9	5.61152997577815338E-2
3.15500000000000025E9	5.64203651601738798E-2
3.15800000000000036E9	5.67277664884782684E-2
3.16100000000000048E9	5.70375261790390020E-2
3.16399999999999970E9	5.73496669067681886E-2
3.16699999999999982E9	5.76642115878752826E-2
3.16999999999999993E9	5.79811833826243195E-2
3.17300000000000004E9	5.83006056981341025E-2
3.17600000000000016E9	5.86225021911934618E-2
3.17899999999999983E9	5.89468967711207803E-2
3.18199999999999994E9	5.92738136026489393E-2
3.18500000000000005E9	5.96032771088438107E-2
3.18800000000000017E9	5.99353119740553453E-2
3.19100000000000028E9	6.02699431469017188E-2
3.19399999999999995E9	6.06071958432836677E-2
3.19700000000000006E9	6.09470955494360123E-2
3.20000000000000018E9	6.12896680250091119E-2
3.20300000000000029E9	6.16349393061842754E-2
3.20600000000000041E9	6.19829357088270338E-2
3.20899999999999963E9	6.23336838316664021E-2
3.21199999999999974E9	6.26872105595192153E-2
3.21499999999999986E9	6.30435430665371932E-2
3.21799999999999997E9	6.34027088195009902E-2
3.22100000000000009E9	6.37647355811379413E-2
3.22399999999999931E9	6.41296514134830797E-2
3.22699999999999942E9	6.44974846812740132E-2
3.22999999999999954E9	6.48682640553771606E-2
3.23299999999999965E9	6.52420185162571897E-2
3.23599999999999977E9	6.56187773574754729E-2
3.23899999999999988E9	6.59985701892305965E-2
3.24199999999999999E9	6.63814269419320535E-2
3.24500000000000011E9	6.67673778698122167E-2
3.24800000000000022E9	6.71564535545755525E-2
3.25100000000000033E9	6.75486849090824482E-2
3.25400000000000000E9	6.79441031810742402E-2
3.25700000000000012E9	6.83427399569340999E-2
3.26000000000000023E9	6.87446271654835073E-2
3.26300000000000034E9	6.91497970818198482E-2
3.26600000000000046E9	6.95582823311895204E-2
3.26899999999999968E9	6.99701158929033529E-2
3.27199999999999980E9	7.03853311042830931E-2
3.27499999999999991E9	7.08039616646507319E-2
3.27800000000000002E9	7.12260416393602114E-2
3.28100000000000014E9	7.16516054638581679E-2
3.28399999999999981E9	7.20806879477925655E-2
3.28699999999999992E9	7.25133242791516075E-2
3.29000000000000004E9	7.29495500284507603E-2
3.29300000000000015E9	7.33894011529491763E-2
3.29600000000000026E9	7.38329140009133233E-2
3.29899999999999949E9	7.42801253159118424E-2
3.30199999999999960E9	7.47310722411558359E-2
3.30499999999999972E9	7.51857923238735637E-2
3.30799999999999983E9	7.56443235197258534E-2
3.31099999999999994E9	7.61067041972594538E-2
3.31400000000000006E9	7.65729731424005422E-2
3.31700000000000017E9	7.70431695629846836E-2
3.32000000000000028E9	7.75173330933254245E-2
3.32300000000000040E9	7.79955037988250854E-2
3.32600000000000051E9	7.84777221806168246E-2
3.32899999999999974E9	7.89640291802524530E-2
3.33199999999999985E9	7.94544661844209887E-2
3.33499999999999996E9	7.99490750297092845E-2
3.33800000000000008E9	8.04478980073991323E-2
3.34100000000000019E9	8.09509778683013614E-2
3.34399999999999986E9	8.14583578276227627E-2
3.34699999999999998E9	8.19700815698798557E-2
3.35000000000000009E9	8.24861932538335907E-2
3.35300000000000020E9	8.30067375174727395E-2
3.35600000000000032E9	8.35317594830296173E-2
3.35899999999999954E9	8.40613047620219689E-2
3.36199999999999966E9	8.45954194603444520E-2
3.36499999999999977E9	8.51341501833768177E-2
3.36799999999999988E9	8.56775440411409051E-2
3.37100000000000000E9	8.62256486534782773E-2
3.37399999999999967E9	8.67785121552654459E-2
3.37699999999999978E9	8.73361832016625783E-2
3.37999999999999989E9	8.78987109733871463E-2
3.38300000000000001E9	8.84661451820192113E-2
3.38600000000000012E9	8.90385360753387900E-2
3.38900000000000023E9	8.96159344426876459E-2
3.39200000000000035E9	9.01983916203581515E-2
3.39500000000000046E9	9.07859594970155293E-2
3.39800000000000058E9	9.13786905191299503E-2
3.40100000000000069E9	9.19766376964517107E-2
3.40399999999999991E9	9.25798546074933526E-2
3.40700000000000003E9	9.31883954050454655E-2
3.41000000000000014E9	9.38023148217027014E-2
3.41300000000000026E9	9.44216681754206988E-2
3.41600000000000037E9	9.50465113750776958E-2
3.41899999999999959E9	9.56769009260638548E-2
3.42199999999999971E9	9.63128939358804459E-2
3.42499999999999982E9	9.69545481197509496E-2
3.42799999999999994E9	9.76019218062475069E-2
3.43100000000000005E9	9.82550739429273001E-2
3.43399999999999972E9	9.89140641019734623E-2
3.43699999999999983E9	9.95789524858458996E-2
3.43999999999999995E9	1.00249799932931460E-1
3.44300000000000006E9	1.00926667923207214E-1
3.44600000000000017E9	1.01609618583890193E-1
3.44899999999999940E9	1.02298714695093063E-1
3.45199999999999951E9	1.02994019695478745E-1
3.45499999999999963E9	1.03695597687893382E-1
3.45799999999999974E9	1.04403513445011620E-1
3.46099999999999985E9	1.05117832414946411E-1
3.46399999999999997E9	1.05838620726868404E-1
3.46700000000000008E9	1.06565945196583733E-1
3.47000000000000020E9	1.07299873332109730E-1
3.47300000000000031E9	1.08040473339217469E-1
3.47600000000000042E9	1.08787814126952598E-1
3.47900000000000009E9	1.09541965313118284E-1
3.48200000000000021E9	1.10302997229736754E-1
3.48500000000000032E9	1.11070980928462149E-1
3.48800000000000043E9	1.11845988185959344E-1
3.49100000000000055E9	1.12628091509235939E-1
3.49399999999999977E9	1.13417364140924715E-1
3.49699999999999989E9	1.14213880064514184E-1
3.50000000000000000E9	1.15017714009524719E-1
3.50300000000000011E9	1.15828941456616374E-1
3.50600000000000023E9	1.16647638642640294E-1
3.50899999999999945E9	1.17473882565607002E-1
3.51199999999999957E9	1.18307750989592897E-1
3.51499999999999968E9	1.19149322449551565E-1
3.51799999999999979E9	1.19998676256051451E-1
3.52099999999999991E9	1.20855892499913287E-1
3.52399999999999958E9	1.21721052056752166E-1
3.52699999999999969E9	1.22594236591422678E-1
3.52999999999999980E9	1.23475528562342318E-1
3.53299999999999992E9	1.24365011225713595E-1
3.53600000000000003E9	1.25262768639612787E-1
3.53900000000000015E9	1.26168885667956121E-1
3.54200000000000026E9	1.27083447984331421E-1
3.54500000000000037E9	1.28006542075681873E-1
3.54800000000000049E9	1.28938255245842637E-1
3.55100000000000060E9	1.29878675618926631E-1
3.55399999999999983E9	1.30827892142530455E-1
3.55699999999999994E9	1.31785994590781819E-1
3.56000000000000005E9	1.32753073567196433E-1
3.56300000000000017E9	1.33729220507348501E-1
3.56600000000000028E9	1.34714527681341023E-1
3.56899999999999995E9	1.35709088196068839E-1
3.57200000000000006E9	1.36712995997260611E-1
3.57500000000000018E9	1.37726345871302613E-1
3.57800000000000029E9	1.38749233446817666E-1
3.58100000000000041E9	1.39781755195992696E-1
3.58399999999999963E9	1.40824008435668468E-1
3.58699999999999974E9	1.41876091328134013E-1
3.58999999999999986E9	1.42938102881660889E-1
3.59299999999999997E9	1.44010142950742348E-1
3.59600000000000009E9	1.45092312236022170E-1
3.59899999999999931E9	1.46184712283914164E-1
3.60199999999999942E9	1.47287445485897805E-1
3.60499999999999954E9	1.48400615077466824E-1
3.60799999999999965E9	1.49524325136725422E-1
3.61099999999999977E9	1.50658680582619642E-1
3.61399999999999988E9	1.51803787172790217E-1
3.61699999999999999E9	1.52959751501024033E-1
3.62000000000000011E9	1.54126680994299292E-1
3.62300000000000022E9	1.55304683909408592E-1
3.62600000000000033E9	1.56493869329137736E-1
3.62900000000000000E9	1.57694347157992554E-1
3.63200000000000012E9	1.58906228117447235E-1
3.63500000000000023E9	1.60129623740713489E-1
3.63800000000000034E9	1.61364646366996878E-1
3.64100000000000046E9	1.62611409135233886E-1
3.64399999999999968E9	1.63870025977288170E-1
3.64699999999999980E9	1.65140611610582999E-1
3.64999999999999991E9	1.66423281530168277E-1
3.65300000000000002E9	1.67718152000173459E-1
3.65600000000000014E9	1.69025340044661720E-1
3.65899999999999981E9	1.70344963437838359E-1
3.66199999999999992E9	1.71677140693600672E-1
3.66500000000000004E9	1.73021991054421753E-1
3.66800000000000015E9	1.74379634479524781E-1
3.67100000000000026E9	1.75750191632341535E-1
3.67399999999999949E9	1.77133783867228045E-1
3.67699999999999960E9	1.78530533215416543E-1
3.67999999999999972E9	1.79940562370176993E-1
3.68299999999999983E9	1.81363994671173256E-1
3.68599999999999994E9	1.82800954087969481E-1
3.68900000000000006E9	1.84251565202693035E-1
3.69200000000000017E9	1.85715953191806205E-1
3.69500000000000028E9	1.87194243806962479E-1
3.69800000000000040E9	1.88686563354937498E-1
3.70100000000000051E9	1.90193038676583859E-1
3.70399999999999974E9	1.91713797124821372E-1
3.70699999999999985E9	1.93248966541577527E-1
3.70999999999999996E9	1.94798675233722163E-1
3.71300000000000008E9	1.96363051947899736E-1
3.71600000000000019E9	1.97942225844282227E-1
3.71899999999999986E9	1.99536326469192860E-1
3.72199999999999998E9	2.01145483726556362E-1
3.72500000000000009E9	2.02769827848194195E-1
3.72800000000000020E9	2.04409489362869223E-1
3.73100000000000032E9	2.06064599064113363E-1
3.73399999999999954E9	2.07735287976763416E-1
3.73699999999999966E9	2.09421687322193728E-1
3.73999999999999977E9	2.11123928482219103E-1
3.74299999999999988E9	2.12842142961616343E-1
3.74600000000000000E9	2.14576462349260400E-1
3.74899999999999967E9	2.16327018277813243E-1
3.75199999999999978E9	2.18093942381965400E-1
3.75499999999999989E9	2.19877366255175000E-1
3.75800000000000001E9	2.21677421404873964E-1
3.76100000000000012E9	2.23494239206131917E-1
3.76400000000000023E9	2.25327950853705206E-1
3.76700000000000035E9	2.27178687312493732E-1
3.77000000000000046E9	2.29046579266309269E-1
3.77300000000000058E9	2.30931757064982079E-1
3.77600000000000069E9	2.32834350669734569E-1
3.77899999999999991E9	2.34754489596808158E-1
3.78200000000000003E9	2.36692302859307802E-1
3.78500000000000014E9	2.38647918907235157E-1
3.78800000000000026E9	2.40621465565671455E-1
3.79100000000000037E9	2.42613069971091289E-1
3.79399999999999959E9	2.44622858505762064E-1
3.79699999999999971E9	2.46650956730220461E-1
3.79999999999999982E9	2.48697489313782860E-1
3.80299999999999994E9	2.50762579963047294E-1
3.80600000000000005E9	2.52846351348402720E-1
3.80899999999999972E9	2.54948925028465112E-1
3.81199999999999983E9	2.57070421372461144E-1
3.81499999999999995E9	2.59210959480501302E-1
3.81800000000000006E9	2.61370657101737569E-1
3.82100000000000017E9	2.63549630550371905E-1
3.82399999999999940E9	2.65747994619507644E-1
3.82699999999999951E9	2.67965862492799145E-1
3.82999999999999963E9	2.70203345653912574E-1
3.83299999999999974E9	2.72460553793753579E-1
3.83599999999999985E9	2.74737594715455025E-1
3.83899999999999997E9	2.77034574237126208E-1
3.84200000000000008E9	2.79351596092317589E-1
3.84500000000000020E9	2.81688761828229817E-1
3.84800000000000031E9	2.84046170701625700E-1
3.85100000000000042E9	2.86423919572463781E-1
3.85400000000000009E9	2.88822102795233082E-1
3.85700000000000021E9	2.91240812108001990E-1
3.86000000000000032E9	2.93680136519171198E-1
3.86300000000000043E9	2.96140162191931777E-1
3.86600000000000055E9	2.98620972326475087E-1
3.86899999999999977E9	3.01122647039892222E-1
3.87199999999999989E9	3.03645263243847552E-1
3.87500000000000000E9	3.06188894520001575E-1
3.87800000000000011E9	3.08753610993225669E-1
3.88100000000000023E9	3.11339479202609892E-1
3.88399999999999945E9	3.13946561970316207E-1
3.88699999999999957E9	3.16574918268296868E-1
3.88999999999999968E9	3.19224603082903835E-1
3.89299999999999979E9	3.21895667277460662E-1
3.89599999999999991E9	3.24588157452800408E-1
3.89899999999999958E9	3.27302115805856175E-1
3.90199999999999969E9	3.30037579986342067E-1
3.90499999999999980E9	3.32794582951560214E-1
3.90799999999999992E9	3.35573152819467246E-1
3.91100000000000003E9	3.38373312719976882E-1
3.91400000000000015E9	3.41195080644656823E-1
3.91700000000000026E9	3.44038469294840654E-1
3.92000000000000037E9	3.46903485928285837E-1
3.92300000000000049E9	3.49790132204432336E-1
3.92600000000000060E9	3.52698404028384882E-1
3.92899999999999983E9	3.55628291393715612E-1
3.93199999999999994E9	3.58579778224202261E-1
3.93500000000000005E9	3.61552842214596915E-1
3.93800000000000017E9	3.64547454670586246E-1
3.94100000000000028E9	3.67563580348048102E-1
3.94399999999999995E9	3.70601177291736050E-1
3.94700000000000006E9	3.73660196673566691E-1
3.95000000000000018E9	3.76740582630623422E-1
3.95300000000000029E9	3.79842272103069156E-1
3.95600000000000041E9	3.82965194672101950E-1
3.95899999999999963E9	3.86109272398155801E-1
3.96199999999999974E9	3.89274419659500603E-1
3.96499999999999986E9	3.92460542991443573E-1
3.96799999999999997E9	3.95667540926332828E-1
3.97100000000000009E9	3.98895303834542503E-1
3.97399999999999931E9	4.02143713766656941E-1
3.97699999999999942E9	4.05412644297105373E-1
3.97999999999999954E9	4.08701960369390704E-1
3.98299999999999965E9	4.12011518143248079E-1
3.98599999999999977E9	4.15341164843861765E-1
3.98899999999999988E9	4.18690738613487667E-1
3.99199999999999999E9	4.22060068365646490E-1
3.99500000000000011E9	4.25448973642203843E-1
3.99800000000000022E9	4.28857264473576372E-1
4.00100000000000033E9	4.32284741242335979E-1
4.00399999999999956E9	4.35731194550510281E-1
4.00699999999999967E9	4.39196405090812192E-1
4.00999999999999979E9	4.42680143522160208E-1
4.01299999999999990E9	4.46182170349707174E-1
4.01600000000000001E9	4.49702235809736095E-1
4.01900000000000013E9	4.53240079759682146E-1
4.02200000000000024E9	4.56795431573617261E-1
4.02500000000000036E9	4.60368010043481135E-1
4.02800000000000047E9	4.63957523286418283E-1
4.03100000000000058E9	4.67563668658462284E-1
4.03399999999999981E9	4.71186132674958991E-1
4.03699999999999992E9	4.74824590938002267E-1
4.04000000000000004E9	4.78478708071237779E-1
4.04300000000000015E9	4.82148137662298204E-1
4.04600000000000026E9	4.85832522213264983E-1
4.04899999999999949E9	4.89531493099420523E-1
4.05199999999999960E9	4.93244670536631524E-1
4.05499999999999972E9	4.96971663557663668E-1
4.05799999999999983E9	5.00712069997762299E-1
4.06099999999999994E9	5.04465476489788767E-1
4.06400000000000006E9	5.08231458469217490E-1
4.06700000000000017E9	5.12009580189292990E-1
4.07000000000000028E9	5.15799394746650997E-1
4.07300000000000040E9	5.19600444117652405E-1
4.07600000000000051E9	5.23412259205753649E-1
4.07899999999999974E9	5.27234359900120531E-1
4.08199999999999985E9	5.31066255145805766E-1
4.08499999999999996E9	5.34907443025674034E-1
4.08800000000000008E9	5.38757410854344698E-1
4.09100000000000019E9	5.42615635284370512E-1
4.09399999999999942E9	5.46481582424805357E-1
4.09699999999999953E9	5.50354707972466883E-1
4.09999999999999964E9	5.54234457355899046E-1
4.10299999999999976E9	5.58120265892378065E-1
4.10599999999999987E9	5.62011558957925672E-1
4.10899999999999999E9	5.65907752170600098E-1
4.11200000000000010E9	5.69808251587045511E-1
4.11500000000000021E9	5.73712453912468234E-1
4.11800000000000033E9	5.77619746724047900E-1
4.12100000000000044E9	5.81529508707826892E-1
4.12399999999999967E9	5.85441109909104895E-1
4.12699999999999978E9	5.89353911996324875E-1
4.12999999999999989E9	5.93267268538400927E-1
4.13300000000000001E9	5.97180525295445186E-1
4.13600000000000012E9	6.01093020522806309E-1
4.13900000000000023E9	6.05004085288257620E-1
4.14200000000000035E9	6.08913043802307286E-1
4.14500000000000046E9	6.12819213761331394E-1
4.14800000000000058E9	6.16721906703420508E-1
4.15100000000000069E9	6.20620428376696864E-1
4.15399999999999991E9	6.24514079119832033E-1
4.15700000000000003E9	6.28402154254511203E-1
4.16000000000000014E9	6.32283944489513505E-1
4.16300000000000026E9	6.36158736336089348E-1
4.16600000000000037E9	6.40025812534254790E-1
4.16899999999999959E9	6.43884452489615011E-1
4.17199999999999971E9	6.47733932720298355E-1
4.17499999999999982E9	6.51573527313549050E-1
4.17799999999999994E9	6.55402508391495253E-1
4.18100000000000005E9	6.59220146585602773E-1
4.18399999999999928E9	6.63025711519267791E-1
4.18699999999999939E9	6.66818472298011944E-1
4.18999999999999950E9	6.70597698006683274E-1
4.19299999999999962E9	6.74362658213091049E-1
4.19599999999999973E9	6.78112623477384968E-1
4.19899999999999984E9	6.81846865866618401E-1
4.20199999999999996E9	6.85564659473771698E-1
4.20500000000000007E9	6.89265280940549907E-1
4.20800000000000018E9	6.92948009983281299E-1
4.21100000000000030E9	6.96612129921175072E-1
4.21400000000000041E9	7.00256928206210194E-1
4.21700000000000053E9	7.03881696953926639E-1
4.22000000000000064E9	7.07485733474305789E-1
4.22300000000000075E9	7.11068340802050436E-1
4.22600000000000087E9	7.14628828225431612E-1
4.22900000000000009E9	7.18166511812922082E-1
4.23200000000000021E9	7.21680714936877266E-1
4.23500000000000032E9	7.25170768793414844E-1
4.23800000000000043E9	7.28636012917762521E-1
4.24100000000000055E9	7.32075795694220233E-1
4.24399999999999977E9	7.35489474860033265E-1
4.24699999999999989E9	7.38876418002334923E-1
4.25000000000000000E9	7.42236003047412662E-1
4.25300000000000011E9	7.45567618741535743E-1
4.25600000000000023E9	7.48870665122619350E-1
4.25899999999999945E9	7.52144553981923725E-1
4.26199999999999957E9	7.55388709315170548E-1
4.26499999999999968E9	7.58602567762249969E-1
4.26799999999999979E9	7.61785579034964577E-1
4.27099999999999991E9	7.64937206332041875E-1
4.27399999999999913E9	7.68056926740845647E-1
4.27699999999999925E9	7.71144231625134857E-1
4.27999999999999936E9	7.74198626998285366E-1
4.28299999999999947E9	7.77219633881442107E-1
4.28599999999999959E9	7.80206788646026972E-1
4.28899999999999970E9	7.83159643340133993E-1
4.29199999999999982E9	7.86077765998321443E-1
4.29499999999999993E9	7.88960740934377203E-1
4.29800000000000004E9	7.91808169016637464E-1
4.30100000000000016E9	7.94619667925518769E-1
4.30400000000000027E9	7.97394872392889997E-1
4.30700000000000038E9	8.00133434423022472E-1
4.31000000000000050E9	8.02835023494838751E-1
4.31300000000000061E9	8.05499326745243316E-1
4.31600000000000072E9	8.08126049133356439E-1
4.31899999999999995E9	8.10714913585472630E-1
4.32200000000000006E9	8.13265661120703243E-1
4.32500000000000018E9	8.15778050957138667E-1
4.32800000000000029E9	8.18251860598594405E-1
4.33100000000000041E9	8.20686885901860919E-1
4.33399999999999963E9	8.23082941124555134E-1
4.33699999999999974E9	8.25439858953644823E-1
4.33999999999999986E9	8.27757490514730065E-1
4.34299999999999997E9	8.30035705362278264E-1
4.34600000000000009E9	8.32274391450956763E-1
4.34899999999999931E9	8.34473455088330418E-1
4.35199999999999942E9	8.36632820869113658E-1
4.35499999999999954E9	8.38752431591349001E-1
4.35799999999999965E9	8.40832248154729633E-1
4.36099999999999977E9	8.42872249441506938E-1
4.36399999999999988E9	8.44872432180281585E-1
4.36699999999999999E9	8.46832810793146606E-1
4.37000000000000011E9	8.48753417226533280E-1
4.37300000000000022E9	8.50634300766304818E-1
4.37600000000000033E9	8.52475527837480129E-1
4.37899999999999956E9	8.54277181789148266E-1
4.38199999999999967E9	8.56039362665070058E-1
4.38499999999999979E9	8.57762186960476036E-1
4.38799999999999990E9	8.59445787365666902E-1
4.39100000000000001E9	8.61090312496890498E-1
4.39400000000000013E9	8.62695926615198516E-1
4.39700000000000024E9	8.64262809333731141E-1
4.40000000000000036E9	8.65791155314144945E-1
4.40300000000000047E9	8.67281173952728324E-1
4.40600000000000058E9	8.68733089056831176E-1
4.40899999999999981E9	8.70147138512228580E-1
4.41199999999999992E9	8.71523573942038254E-1
4.41500000000000004E9	8.72862660357839104E-1
4.41800000000000015E9	8.74164675803554125E-1
4.42100000000000026E9	8.75429910992800586E-1
4.42399999999999949E9	8.76658668940232566E-1
4.42699999999999960E9	8.77851264587612157E-1
4.42999999999999972E9	8.79008024425092316E-1
4.43299999999999983E9	8.80129286108399889E-1
4.43599999999999994E9	8.81215398072504108E-1
4.43900000000000006E9	8.82266719142317157E-1
4.44200000000000017E9	8.83283618141058291E-1
4.44500000000000028E9	8.84266473496792393E-1
4.44800000000000040E9	8.85215672847762214E-1
4.45100000000000051E9	8.86131612646997269E-1
4.45399999999999974E9	8.87014697766750615E-1
4.45699999999999985E9	8.87865341103306882E-1
4.45999999999999996E9	8.88683963182581493E-1
4.46300000000000008E9	8.89470991767105446E-1
4.46600000000000019E9	8.90226861464743457E-1
4.46899999999999942E9	8.90952013339694915E-1
4.47199999999999953E9	8.91646894526146383E-1
4.47499999999999964E9	8.92311957845020665E-1
4.47799999999999976E9	8.92947661424213024E-1
4.48099999999999987E9	8.93554468322685480E-1
4.48399999999999999E9	8.94132846158786876E-1
4.48700000000000010E9	8.94683266743152394E-1
4.49000000000000021E9	8.95206205716479886E-1
4.49300000000000033E9	8.95702142192502748E-1
4.49600000000000044E9	8.96171558406464897E-1
4.49899999999999967E9	8.96614939369306185E-1
4.50199999999999978E9	8.97032772527897571E-1
4.50499999999999989E9	8.97425547431462434E-1
4.50800000000000001E9	8.97793755404468996E-1
4.51100000000000012E9	8.98137889226156183E-1
4.51400000000000023E9	8.98458442816862757E-1
4.51700000000000035E9	8.98755910931367552E-1
4.52000000000000046E9	8.99030788859306895E-1
4.52300000000000058E9	8.99283572132886277E-1
4.52600000000000069E9	8.99514756241919855E-1
4.52899999999999991E9	8.99724836356346991E-1
4.53200000000000003E9	8.99914307056274154E-1
4.53500000000000014E9	9.00083662069626023E-1
4.53800000000000026E9	9.00233394017447708E-1
4.54100000000000037E9	9.00363994166896475E-1
4.54399999999999959E9	9.00475952191959017E-1
4.54699999999999971E9	9.00569755941874384E-1
4.54999999999999982E9	9.00645891217323857E-1
4.55299999999999994E9	9.00704841554273727E-1
4.55600000000000005E9	9.00747088015570441E-1
4.55899999999999928E9	9.00773108990149218E-1
4.56199999999999939E9	9.00783379999868927E-1
4.56499999999999950E9	9.00778373513898600E-1
4.56799999999999962E9	9.00758558770588813E-1
4.57099999999999973E9	9.00724401606792213E-1
4.57399999999999984E9	9.00676364294478304E-1
4.57699999999999996E9	9.00614905384633069E-1
4.58000000000000007E9	9.00540479558306117E-1
4.58300000000000018E9	9.00453537484708555E-1
4.58600000000000030E9	9.00354525686253204E-1
4.58900000000000041E9	9.00243886410451388E-1
4.59200000000000053E9	9.00122057508486684E-1
4.59500000000000064E9	8.99989472320425676E-1
4.59800000000000075E9	8.99846559566841719E-1
4.60100000000000087E9	8.99693743246818123E-1
4.60400000000000009E9	8.99531442542125959E-1
4.60700000000000021E9	8.99360071727456756E-1
4.61000000000000032E9	8.99180040086589116E-1
4.61300000000000043E9	8.98991751834324049E-1
4.61600000000000055E9	8.98795606044050999E-1
4.61899999999999977E9	8.98591996580801755E-1
4.62199999999999989E9	8.98381312039642843E-1
4.62500000000000000E9	8.98163935689256832E-1
4.62800000000000011E9	8.97940245420560146E-1
4.63100000000000023E9	8.97710613700223448E-1
4.63399999999999945E9	8.97475407528912150E-1
4.63699999999999957E9	8.97234988404144040E-1
4.63999999999999968E9	8.96989712287565055E-1
4.64299999999999979E9	8.96739929576541783E-1
4.64599999999999991E9	8.96485985079894476E-1
4.64899999999999913E9	8.96228217997616028E-1
4.65199999999999925E9	8.95966961904471937E-1
4.65499999999999936E9	8.95702544737300421E-1
4.65799999999999947E9	8.95435288785874128E-1
4.66099999999999959E9	8.95165510687214372E-1
4.66399999999999970E9	8.94893521423179195E-1
4.66699999999999982E9	8.94619626321215655E-1
4.66999999999999993E9	8.94344125058129791E-1
4.67300000000000004E9	8.94067311666762699E-1
4.67600000000000016E9	8.93789474545400431E-1
4.67900000000000027E9	8.93510896469837235E-1
4.68200000000000038E9	8.93231854607951092E-1
4.68500000000000050E9	8.92952620536646791E-1
4.68800000000000061E9	8.92673460261099372E-1
4.69100000000000072E9	8.92394634236118556E-1
4.69399999999999995E9	8.92116397389562366E-1
4.69700000000000006E9	8.91838999147705103E-1
4.70000000000000018E9	8.91562683462378303E-1
4.70300000000000029E9	8.91287688839864423E-1
4.70600000000000041E9	8.91014248371382500E-1
4.70899999999999963E9	8.90742589765118176E-1
4.71199999999999974E9	8.90472935379618491E-1
4.71499999999999986E9	8.90205502258563897E-1
4.71799999999999997E9	8.89940502166747649E-1
4.72100000000000009E9	8.89678141627200425E-1
4.72399999999999931E9	8.89418621959383593E-1
4.72699999999999942E9	8.89162139318366940E-1
4.72999999999999954E9	8.88908884734890137E-1
4.73299999999999965E9	8.88659044156264954E-1
4.73599999999999977E9	8.88412798488021593E-1
4.73899999999999988E9	8.88170323636241754E-1
4.74199999999999999E9	8.87931790550482702E-1
4.74500000000000011E9	8.87697365267287530E-1
4.74800000000000022E9	8.87467208954143416E-1
4.75100000000000033E9	8.87241477953892144E-1
4.75399999999999956E9	8.87020323829492163E-1
4.75699999999999967E9	8.86803893409092403E-1
4.75999999999999979E9	8.86592328831397403E-1
4.76299999999999990E9	8.86385767591207063E-1
4.76600000000000001E9	8.86184342585133322E-1
4.76900000000000013E9	8.85988182157464088E-1
4.77200000000000024E9	8.85797410146049913E-1
4.77500000000000036E9	8.85612145928281613E-1
4.77800000000000047E9	8.85432504467042136E-1
4.78100000000000058E9	8.85258596356618099E-1
4.78399999999999981E9	8.85090527868549870E-1
4.78699999999999992E9	8.84928400997380393E-1
4.79000000000000004E9	8.84772313506265462E-1
4.79300000000000015E9	8.84622358972436373E-1
4.79600000000000026E9	8.84478626832460435E-1
4.79899999999999949E9	8.84341202427312822E-1
4.80199999999999960E9	8.84210167047200102E-1
4.80499999999999972E9	8.84085597976148563E-1
4.80799999999999983E9	8.83967568536309578E-1
4.81099999999999994E9	8.83856148131988562E-1
4.81400000000000006E9	8.83751402293377986E-1
4.81700000000000017E9	8.83653392719945963E-1
4.82000000000000028E9	8.83562177323547893E-1
4.82300000000000040E9	8.83477810271150155E-1
4.82600000000000051E9	8.83400342027252350E-1
4.82899999999999974E9	8.83329819395915550E-1
4.83199999999999985E9	8.83266285562462805E-1
4.83499999999999996E9	8.83209780134803957E-1
4.83800000000000008E9	8.83160339184380483E-1
4.84100000000000019E9	8.83117995286759516E-1
4.84399999999999942E9	8.83082777561848964E-1
4.84699999999999953E9	8.83054711713721474E-1
4.84999999999999964E9	8.83033820070111375E-1
4.85299999999999976E9	8.83020121621490972E-1
4.85599999999999987E9	8.83013632059826392E-1
4.85899999999999999E9	8.83014363816943337E-1
4.86200000000000010E9	8.83022326102549471E-1
4.86500000000000021E9	8.83037524941901708E-1
4.86800000000000033E9	8.83059963213131560E-1
4.87100000000000044E9	8.83089640684250377E-1
4.87399999999999967E9	8.83126554049792389E-1
4.87699999999999978E9	8.83170696967187041E-1
4.87999999999999989E9	8.83222060092777994E-1
4.88300000000000001E9	8.83280631117594339E-1
4.88600000000000012E9	8.83346394802790336E-1
4.88900000000000023E9	8.83419333014847474E-1
4.89200000000000035E9	8.83499424760501917E-1
4.89500000000000046E9	8.83586646221436034E-1
4.89800000000000058E9	8.83680970788725340E-1
4.90100000000000069E9	8.83782369097081855E-1
4.90399999999999991E9	8.83890809058885552E-1
4.90700000000000003E9	8.84006255898036741E-1
4.91000000000000014E9	8.84128672183640063E-1
4.91300000000000026E9	8.84258017863516343E-1
4.91600000000000037E9	8.84394250297609830E-1
4.91899999999999959E9	8.84537324291235905E-1
4.92199999999999971E9	8.84687192128268052E-1
4.92499999999999982E9	8.84843803604205270E-1
4.92799999999999994E9	8.85007106059189574E-1
4.93100000000000005E9	8.85177044410976421E-1
4.93399999999999928E9	8.85353561187862148E-1
4.93699999999999939E9	8.85536596561619582E-1
4.93999999999999950E9	8.85726088380424237E-1
4.94299999999999962E9	8.85921972201813546E-1
4.94599999999999973E9	8.86124181325690508E-1
4.94899999999999984E9	8.86332646827386661E-1
4.95199999999999996E9	8.86547297590829864E-1
4.95500000000000007E9	8.86768060341787034E-1
4.95800000000000018E9	8.86994859681238168E-1
4.96100000000000030E9	8.87227618118907202E-1
4.96400000000000041E9	8.87466256106928775E-1
4.96700000000000053E9	8.87710692073712515E-1
4.97000000000000064E9	8.87960842457989408E-1
4.97300000000000075E9	8.88216621743099921E-1
4.97600000000000087E9	8.88477942491486772E-1
4.97900000000000009E9	8.88744715379458583E-1
4.98200000000000021E9	8.89016849232224793E-1
4.98500000000000032E9	8.89294251059219043E-1
4.98800000000000043E9	8.89576826089720818E-1
4.99100000000000055E9	8.89864477808814414E-1
4.99399999999999977E9	8.90157107993677243E-1
4.99699999999999989E9	8.90454616750236205E-1
5.00000000000000000E9	8.90756902550189977E-1
5.00300000000000011E9	8.91063862268416784E-1
5.00600000000000023E9	8.91375391220795876E-1
5.00899999999999945E9	8.91691383202452315E-1
5.01199999999999957E9	8.92011730526408186E-1
5.01499999999999968E9	8.92336324062726938E-1
5.01799999999999979E9	8.92665053278056675E-1
5.02099999999999991E9	8.92997806275703709E-1
5.02399999999999913E9	8.93334469836156053E-1
5.02699999999999925E9	8.93674929458114775E-1
5.02999999999999936E9	8.94019069400019362E-1
5.03299999999999947E9	8.94366772722105807E-1
5.03599999999999959E9	8.94717921328976473E-1
5.03899999999999970E9	8.95072396012710314E-1
5.04199999999999982E9	8.95430076496496952E-1
5.04499999999999993E9	8.95790841478846289E-1
5.04800000000000004E9	8.96154568678321439E-1
5.05100000000000016E9	8.96521134878844173E-1
5.05400000000000027E9	8.96890415975559563E-1
5.05700000000000038E9	8.97262287021259475E-1
5.06000000000000050E9	8.97636622273387985E-1
5.06300000000000061E9	8.98013295241589837E-1
5.06600000000000072E9	8.98392178735843139E-1
5.06899999999999995E9	8.98773144915162092E-1
5.07200000000000006E9	8.99156065336843291E-1
5.07500000000000018E9	8.99540811006300522E-1
5.07800000000000029E9	8.99927252427432123E-1
5.08100000000000041E9	9.00315259653560318E-1
5.08399999999999963E9	9.00704702338900631E-1
5.08699999999999974E9	9.01095449790578229E-1
5.08999999999999986E9	9.01487371021174866E-1
5.09299999999999997E9	9.01880334801789196E-1
5.09600000000000009E9	9.02274209715604592E-1
5.09899999999999931E9	9.02668864211959487E-1
5.10199999999999942E9	9.03064166660899836E-1
5.10499999999999954E9	9.03459985408192523E-1
5.10799999999999965E9	9.03856188830798679E-1
5.11099999999999977E9	9.04252645392769772E-1
5.11399999999999988E9	9.04649223701575345E-1
5.11699999999999999E9	9.05045792564818896E-1
5.12000000000000011E9	9.05442221047323947E-1
5.12299999999999933E9	9.05838378528581423E-1
5.12600000000000033E9	9.06234134760520860E-1
5.12899999999999956E9	9.06629359925591771E-1
5.13200000000000056E9	9.07023924695113237E-1
5.13499999999999979E9	9.07417700287886575E-1
5.13799999999999990E9	9.07810558529027389E-1
5.14100000000000001E9	9.08202371908973305E-1
5.14400000000000013E9	9.08593013642678393E-1
5.14700000000000024E9	9.08982357728923951E-1
5.15000000000000036E9	9.09370279009716853E-1
5.15299999999999958E9	9.09756653229766243E-1
5.15600000000000058E9	9.10141357095964487E-1
5.15899999999999981E9	9.10524268336872034E-1
5.16200000000000081E9	9.10905265762145255E-1
5.16500000000000004E9	9.11284229321869788E-1
5.16799999999999926E9	9.11661040165762593E-1
5.17100000000000026E9	9.12035580702208470E-1
5.17399999999999949E9	9.12407734657081093E-1
5.17700000000000049E9	9.12777387132295637E-1
5.17999999999999972E9	9.13144424664057652E-1
5.18299999999999983E9	9.13508735280783846E-1
5.18599999999999994E9	9.13870208560586939E-1
5.18900000000000006E9	9.14228735688363869E-1
5.19200000000000017E9	9.14584209512352331E-1
5.19500000000000028E9	9.14936524600169143E-1
5.19799999999999951E9	9.15285577294249109E-1
5.20100000000000051E9	9.15631265766641533E-1
5.20399999999999974E9	9.15973490073122143E-1
5.20700000000000074E9	9.16312152206551112E-1
5.20999999999999996E9	9.16647156149431552E-1
5.21299999999999919E9	9.16978407925630989E-1
5.21600000000000019E9	9.17305815651182144E-1
5.21899999999999942E9	9.17629289584134078E-1
5.22200000000000042E9	9.17948742173398990E-1
5.22499999999999964E9	9.18264088106503351E-1
5.22799999999999976E9	9.18575244356251730E-1
5.23099999999999987E9	9.18882130226185545E-1
5.23399999999999999E9	9.19184667394814525E-1
5.23700000000000010E9	9.19482779958571328E-1
5.24000000000000021E9	9.19776394473401915E-1
5.24299999999999944E9	9.20065439994963974E-1
5.24600000000000044E9	9.20349848117366420E-1
5.24899999999999967E9	9.20629553010405033E-1
5.25200000000000067E9	9.20904491455198837E-1
5.25499999999999989E9	9.21174602878248550E-1
5.25800000000000001E9	9.21439829383766984E-1
5.26100000000000012E9	9.21700115784312679E-1
5.26400000000000023E9	9.21955409629609335E-1
5.26700000000000035E9	9.22205661233531693E-1
5.27000000000000046E9	9.22450823699189471E-1
5.27299999999999969E9	9.22690852942060502E-1
5.27600000000000069E9	9.22925707711119436E-1
5.27899999999999991E9	9.23155349607905507E-1
5.28200000000000092E9	9.23379743103486561E-1
5.28500000000000014E9	9.23598855553252740E-1
5.28799999999999937E9	9.23812657209503030E-1
5.29100000000000037E9	9.24021121231776021E-1
5.29399999999999959E9	9.24224223694856128E-1
5.29700000000000060E9	9.24421943594426132E-1
5.29999999999999982E9	9.24614262850324309E-1
5.30299999999999905E9	9.24801166307314659E-1
5.30600000000000005E9	9.24982641733387823E-1
5.30899999999999928E9	9.25158679815501017E-1
5.31200000000000028E9	9.25329274152725567E-1
5.31499999999999950E9	9.25494421246758314E-1
5.31799999999999962E9	9.25654120489763343E-1
5.32099999999999973E9	9.25808374149491442E-1
5.32399999999999984E9	9.25957187351618849E-1
5.32699999999999996E9	9.26100568059321638E-1
5.33000000000000007E9	9.26238527049974003E-1
5.33300000000000018E9	9.26371077888989092E-1
5.33600000000000030E9	9.26498236900729921E-1
5.33900000000000041E9	9.26620023136478999E-1
5.34200000000000053E9	9.26736458339410163E-1
5.34500000000000064E9	9.26847566906536713E-1
5.34799999999999986E9	9.26953375847597627E-1
5.35100000000000087E9	9.27053914740860208E-1
5.35400000000000009E9	9.27149215685800243E-1
5.35700000000000109E9	9.27239313252602138E-1
5.36000000000000032E9	9.27324244428493216E-1
5.36299999999999955E9	9.27404048560860517E-1
5.36600000000000055E9	9.27478767297086470E-1
5.36899999999999977E9	9.27548444521159965E-1
5.37200000000000077E9	9.27613126286918011E-1
5.37500000000000000E9	9.27672860747991024E-1
5.37799999999999923E9	9.27727698084385644E-1
5.38100000000000023E9	9.27777690425638113E-1
5.38399999999999945E9	9.27822891770589742E-1
5.38700000000000045E9	9.27863357903686747E-1
5.38999999999999968E9	9.27899146307820644E-1
5.39299999999999891E9	9.27930316073649486E-1
5.39599999999999991E9	9.27956927805421472E-1
5.39899999999999913E9	9.27979043523204972E-1
5.40200000000000014E9	9.27996726561563356E-1
5.40499999999999936E9	9.28010041464621160E-1
5.40799999999999947E9	9.28019053877458333E-1
5.41099999999999959E9	9.28023830433891916E-1
5.41399999999999970E9	9.28024438640529681E-1
5.41699999999999982E9	9.28020946757110643E-1
5.41999999999999993E9	9.28013423673101201E-1
5.42300000000000004E9	9.28001938780508695E-1
5.42600000000000016E9	9.27986561842893565E-1
5.42900000000000027E9	9.27967362860536227E-1
5.43200000000000038E9	9.27944411931731494E-1
5.43500000000000050E9	9.27917779110195262E-1
5.43799999999999972E9	9.27887534258530344E-1
5.44100000000000072E9	9.27853746897710607E-1
5.44399999999999995E9	9.27816486052592104E-1
5.44700000000000095E9	9.27775820093378201E-1
5.45000000000000018E9	9.27731816572991264E-1
5.45299999999999940E9	9.27684542060367789E-1
5.45600000000000041E9	9.27634061969596679E-1
5.45899999999999963E9	9.27580440384860694E-1
5.46200000000000063E9	9.27523739881166520E-1
5.46499999999999986E9	9.27464021340810518E-1
5.46799999999999908E9	9.27401343765538577E-1
5.47100000000000009E9	9.27335764084343950E-1
5.47399999999999931E9	9.27267336956905552E-1
5.47700000000000031E9	9.27196114572563701E-1
5.47999999999999954E9	9.27122146444827600E-1
5.48299999999999965E9	9.27045479201368394E-1
5.48599999999999977E9	9.26966156369446281E-1
5.48899999999999988E9	9.26884218156697059E-1
5.49199999999999999E9	9.26799701227309747E-1
5.49500000000000011E9	9.26712638473452266E-1
5.49799999999999933E9	9.26623058781984810E-1
5.50100000000000033E9	9.26530986796363543E-1
5.50399999999999956E9	9.26436442673703020E-1
5.50700000000000056E9	9.26339441836982402E-1
5.50999999999999979E9	9.26239994722289950E-1
5.51299999999999990E9	9.26138106521150206E-1
5.51600000000000001E9	9.26033776917810592E-1
5.51900000000000013E9	9.25926999821509078E-1
5.52200000000000024E9	9.25817763093674628E-1
5.52500000000000036E9	9.25706048270004622E-1
5.52799999999999958E9	9.25591830277414829E-1
5.53100000000000058E9	9.25475077145863700E-1
5.53399999999999981E9	9.25355749714954001E-1
5.53700000000000081E9	9.25233801335380157E-1
5.54000000000000004E9	9.25109177565165730E-1
5.54299999999999926E9	9.24981815860702561E-1
5.54600000000000026E9	9.24851645262588740E-1
5.54899999999999949E9	9.24718586076288496E-1
5.55200000000000049E9	9.24582549547633725E-1
5.55499999999999972E9	9.24443437533172485E-1
5.55799999999999983E9	9.24301142165452028E-1
5.56099999999999994E9	9.24155545513236198E-1
5.56400000000000006E9	9.24006519236759871E-1
5.56700000000000017E9	9.23853924238079038E-1
5.57000000000000028E9	9.23697610306613548E-1
5.57299999999999951E9	9.23537415759967040E-1
5.57600000000000051E9	9.23373167080209889E-1
5.57899999999999974E9	9.23204678545676494E-1
5.58200000000000074E9	9.23031751858521687E-1
5.58499999999999996E9	9.22854175768162399E-1
5.58799999999999919E9	9.22671725690834066E-1
5.59100000000000019E9	9.22484163325490591E-1
5.59399999999999942E9	9.22291236266279135E-1
5.59700000000000042E9	9.22092677611913381E-1
5.59999999999999964E9	9.21888205572187047E-1
5.60299999999999976E9	9.21677523072062499E-1
5.60599999999999987E9	9.21460317353605163E-1
5.60899999999999999E9	9.21236259576248173E-1
5.61200000000000010E9	9.21005004415800599E-1
5.61500000000000021E9	9.20766189662684020E-1
5.61799999999999944E9	9.20519435819912957E-1
5.62100000000000044E9	9.20264345701424524E-1
5.62399999999999967E9	9.20000504031311728E-1
5.62700000000000067E9	9.19727477044667552E-1
5.62999999999999989E9	9.19444812090726771E-1
5.63300000000000001E9	9.19152037239076591E-1
5.63600000000000012E9	9.18848660889735314E-1
5.63900000000000023E9	9.18534171388006726E-1
5.64200000000000035E9	9.18208036644990955E-1
5.64500000000000046E9	9.17869703764805678E-1
5.64799999999999969E9	9.17518598679511399E-1
5.65100000000000069E9	9.17154125792920283E-1
5.65399999999999991E9	9.16775667634445313E-1
5.65700000000000092E9	9.16382584524262711E-1
5.66000000000000014E9	9.15974214251120422E-1
5.66299999999999937E9	9.15549871764217471E-1
5.66600000000000037E9	9.15108848880601577E-1
5.66899999999999959E9	9.14650414009685520E-1
5.67200000000000060E9	9.14173811896515787E-1
5.67499999999999982E9	9.13678263385496514E-1
5.67799999999999905E9	9.13162965206402077E-1
5.68100000000000005E9	9.12627089784543344E-1
5.68399999999999928E9	9.12069785077059159E-1
5.68700000000000028E9	9.11490174437408029E-1
5.68999999999999950E9	9.10887356510155755E-1
5.69299999999999962E9	9.10260405158310348E-1
5.69599999999999973E9	9.09608369425469121E-1
5.69899999999999984E9	9.08930273535185407E-1
5.70199999999999996E9	9.08225116929968124E-1
5.70500000000000007E9	9.07491874352467853E-1
5.70800000000000018E9	9.06729495971419297E-1
5.71100000000000030E9	9.05936907555018500E-1
5.71400000000000041E9	9.05113010694428333E-1
5.71700000000000053E9	9.04256683080195955E-1
5.72000000000000064E9	9.03366778834412365E-1
5.72299999999999986E9	9.02442128901430785E-1
5.72600000000000087E9	9.01481541500093897E-1
5.72900000000000009E9	9.00483802640306052E-1
5.73200000000000109E9	8.99447676706926202E-1
5.73500000000000032E9	8.98371907113877555E-1
5.73799999999999955E9	8.97255217031373675E-1
5.74100000000000055E9	8.96096310189122036E-1
5.74399999999999977E9	8.94893871758382886E-1
5.74700000000000077E9	8.93646569315579775E-1
5.75000000000000000E9	8.92353053890214909E-1
5.75299999999999923E9	8.91011961099648708E-1
5.75600000000000023E9	8.89621912373211465E-1
5.75899999999999945E9	8.88181516268018356E-1
5.76200000000000045E9	8.86689369878611444E-1
5.76499999999999968E9	8.85144060342457095E-1
5.76799999999999891E9	8.83544166443055268E-1
5.77099999999999991E9	8.81888260312205396E-1
5.77399999999999913E9	8.80174909232693103E-1
5.77700000000000014E9	8.78402677542420740E-1
5.77999999999999936E9	8.76570128640604906E-1
5.78299999999999947E9	8.74675827096401548E-1
5.78599999999999959E9	8.72718340859863950E-1
5.78899999999999970E9	8.70696243574824180E-1
5.79199999999999982E9	8.68608116992751356E-1
5.79499999999999993E9	8.66452553486267085E-1
5.79800000000000004E9	8.64228158660454859E-1
5.80100000000000016E9	8.61933554059598173E-1
5.80400000000000027E9	8.59567379966422251E-1
5.80700000000000038E9	8.57128298290404445E-1
5.81000000000000050E9	8.54614995541020583E-1
5.81299999999999972E9	8.52026185881284093E-1
5.81600000000000072E9	8.49360614256246649E-1
5.81899999999999995E9	8.46617059590491117E-1
5.82200000000000095E9	8.43794338048019910E-1
5.82500000000000018E9	8.40891306347206680E-1
5.82799999999999940E9	8.37906865122906197E-1
5.83100000000000041E9	8.34839962327034435E-1
5.83399999999999963E9	8.31689596658362795E-1
5.83700000000000063E9	8.28454821011549392E-1
5.83999999999999986E9	8.25134745934823322E-1
5.84299999999999908E9	8.21728543085074392E-1
5.84600000000000009E9	8.18235448668580645E-1
5.84899999999999931E9	8.14654766854971157E-1
5.85200000000000031E9	8.10985873151513559E-1
5.85499999999999954E9	8.07228217724417973E-1
5.85799999999999965E9	8.03381328653285998E-1
5.86099999999999977E9	7.99444815104607009E-1
5.86399999999999988E9	7.95418370409814113E-1
5.86699999999999999E9	7.91301775033224875E-1
5.87000000000000011E9	7.87094899415032412E-1
5.87299999999999933E9	7.82797706674441951E-1
5.87600000000000033E9	7.78410255158070274E-1
5.87899999999999956E9	7.73932700818837027E-1
5.88200000000000056E9	7.69365299410790815E-1
5.88499999999999979E9	7.64708408485636237E-1
5.88799999999999990E9	7.59962489177081046E-1
5.89100000000000001E9	7.55128107759757583E-1
5.89400000000000013E9	7.50205936969948972E-1
5.89700000000000024E9	7.45196757076198146E-1
5.90000000000000036E9	7.40101456688655901E-1
5.90299999999999958E9	7.34921033296957127E-1
5.90600000000000058E9	7.29656593527468722E-1
5.90899999999999981E9	7.24309353111861398E-1
5.91200000000000081E9	7.18880636560176622E-1
5.91500000000000004E9	7.13371876532874971E-1
5.91799999999999926E9	7.07784612907673782E-1
5.92100000000000026E9	7.02120491538502289E-1
5.92399999999999949E9	6.96381262705293658E-1
5.92700000000000049E9	6.90568779254967158E-1
5.92999999999999972E9	6.84684994435446637E-1
5.93299999999999983E9	6.78731959426220133E-1
5.93599999999999994E9	6.72711820570493657E-1
5.93900000000000006E9	6.66626816315644710E-1
5.94200000000000017E9	6.60479273870192252E-1
5.94500000000000028E9	6.54271605587170058E-1
5.94799999999999951E9	6.48006305085134482E-1
5.95100000000000051E9	6.41685943119691693E-1
5.95399999999999974E9	6.35313163219619348E-1
5.95700000000000074E9	6.28890677103090567E-1
5.95999999999999996E9	6.22421259890704270E-1
5.96299999999999919E9	6.15907745133060036E-1
5.96600000000000019E9	6.09353019671706964E-1
5.96899999999999942E9	6.02760018353108507E-1
5.97200000000000042E9	5.96131718616035577E-1
5.97499999999999964E9	5.89471134973419186E-1
5.97799999999999976E9	5.82781313410135038E-1
5.98099999999999987E9	5.76065325718566523E-1
5.98399999999999999E9	5.69326263793923637E-1
5.98700000000000010E9	5.62567233911404418E-1
5.99000000000000021E9	5.55791351007124490E-1
5.99299999999999944E9	5.49001732984486424E-1
5.99600000000000044E9	5.42201495067368455E-1
5.99899999999999967E9	5.35393744220856060E-1
6.00200000000000067E9	5.28581573659752024E-1
6.00499999999999989E9	5.21768057464177115E-1
6.00800000000000001E9	5.14956245320872519E-1
6.01100000000000012E9	5.08149157407682139E-1
6.01400000000000023E9	5.01349779437740750E-1
6.01700000000000035E9	4.94561057878726373E-1
6.02000000000000046E9	4.87785895361263311E-1
6.02299999999999969E9	4.81027146289369067E-1
6.02600000000000069E9	4.74287612664494063E-1
6.02899999999999991E9	4.67570040133335851E-1
6.03200000000000092E9	4.60877114268251198E-1
6.03500000000000014E9	4.54211457087722437E-1
6.03799999999999937E9	4.47575623822925639E-1
6.04100000000000037E9	4.40972099935076045E-1
6.04399999999999959E9	4.34403298386910031E-1
6.04700000000000060E9	4.27871557170300054E-1
6.04999999999999982E9	4.21379137090745104E-1
6.05299999999999905E9	4.14928219808217236E-1
6.05600000000000005E9	4.08520906132716988E-1
6.05899999999999928E9	4.02159214571706158E-1
6.06200000000000028E9	3.95845080125564941E-1
6.06499999999999950E9	3.89580353326266948E-1
6.06799999999999962E9	3.83366799513474277E-1
6.07099999999999973E9	3.77206098341528184E-1
6.07399999999999984E9	3.71099843509966121E-1
6.07699999999999996E9	3.65049542709562669E-1
6.08000000000000007E9	3.59056617775318232E-1
6.08300000000000018E9	3.53122405037260068E-1
6.08600000000000030E9	3.47248155859517826E-1
6.08900000000000041E9	3.41435037357772853E-1
6.09200000000000053E9	3.35684133284892905E-1
6.09500000000000064E9	3.29996445074351197E-1
6.09799999999999986E9	3.24372893030912923E-1
6.10100000000000087E9	3.18814317657956936E-1
6.10400000000000009E9	3.13321481110821232E-1
6.10700000000000109E9	3.07895068765592583E-1
6.11000000000000032E9	3.02535690892873355E-1
6.11299999999999955E9	2.97243884426170490E-1
6.11600000000000055E9	2.92020114814800058E-1
6.11899999999999977E9	2.86864777951383809E-1
6.12200000000000077E9	2.81778202164326741E-1
6.12500000000000000E9	2.76760650265928199E-1
6.12799999999999923E9	2.71812321647147082E-1
6.13100000000000023E9	2.66933354410370027E-1
6.13399999999999945E9	2.62123827531909770E-1
6.13700000000000045E9	2.57383763046355885E-1
6.13999999999999968E9	2.52713128245319307E-1
6.14299999999999891E9	2.48111837883458897E-1
6.14599999999999991E9	2.43579756385177326E-1
6.14899999999999913E9	2.39116700045738195E-1
6.15200000000000014E9	2.34722439220985946E-1
6.15499999999999936E9	2.30396700500278317E-1
6.15799999999999947E9	2.26139168857633299E-1
6.16099999999999959E9	2.21949489776521691E-1
6.16399999999999970E9	2.17827271344104023E-1
6.16699999999999982E9	2.13772086311122500E-1
6.16999999999999993E9	2.09783474114014190E-1
6.17300000000000004E9	2.05860942856183504E-1
6.17600000000000016E9	2.02003971245725911E-1
6.17900000000000027E9	1.98212010487198165E-1
6.18200000000000038E9	1.94484486125401679E-1
6.18500000000000050E9	1.90820799839392796E-1
6.18799999999999972E9	1.87220331185258160E-1
6.19100000000000072E9	1.83682439286461574E-1
6.19399999999999995E9	1.80206464470794891E-1
6.19700000000000095E9	1.76791729853258550E-1
6.20000000000000018E9	1.73437542864355421E-1
6.20299999999999940E9	1.70143196723546275E-1
6.20600000000000041E9	1.66907971857786852E-1
6.20899999999999963E9	1.63731137265221616E-1
6.21200000000000063E9	1.60611951824321153E-1
6.21499999999999986E9	1.57549665548850459E-1
6.21799999999999908E9	1.54543520789227973E-1
6.22100000000000009E9	1.51592753380928236E-1
6.22399999999999931E9	1.48696593740730654E-1
6.22700000000000031E9	1.45854267911654811E-1
6.22999999999999954E9	1.43064998557580503E-1
6.23299999999999965E9	1.40328005908571418E-1
6.23599999999999977E9	1.37642508658016949E-1
6.23899999999999988E9	1.35007724812749430E-1
6.24199999999999999E9	1.32422872497362065E-1
6.24500000000000011E9	1.29887170713961941E-1
6.24799999999999933E9	1.27399840058649216E-1
6.25100000000000033E9	1.24960103396036271E-1
6.25399999999999956E9	1.22567186493125613E-1
6.25700000000000056E9	1.20220318613888311E-1
6.25999999999999979E9	1.17918733075889026E-1
6.26299999999999990E9	1.15661667770305399E-1
6.26600000000000001E9	1.13448365646687632E-1
6.26900000000000013E9	1.11278075163790002E-1
6.27200000000000024E9	1.09150050707800150E-1
6.27500000000000036E9	1.07063552979289134E-1
6.27799999999999958E9	1.05017849350154746E-1
6.28100000000000058E9	1.03012214191852092E-1
6.28399999999999981E9	1.01045929176146876E-1
6.28700000000000081E9	9.91182835496255521E-2
6.29000000000000004E9	9.72285743831546512E-2
6.29299999999999926E9	9.53761067974706478E-2
6.29600000000000026E9	9.35601941660268821E-2
6.29899999999999949E9	9.17801582962247942E-2
6.30200000000000049E9	9.00353295900976747E-2
6.30499999999999972E9	8.83250471854981178E-2
6.30799999999999983E9	8.66486590788133526E-2
6.31099999999999994E9	8.50055222301767799E-2
6.31400000000000006E9	8.33950026521373999E-2
6.31700000000000017E9	8.18164754827020069E-2
6.32000000000000028E9	8.02693250436330530E-2
6.32299999999999951E9	7.87529448848558289E-2
6.32600000000000051E9	7.72667378157964624E-2
6.32899999999999974E9	7.58101159244344824E-2
6.33200000000000074E9	7.43825005848335330E-2
6.33499999999999996E9	7.29833224538684266E-2
6.33799999999999919E9	7.16120214578519665E-2
6.34100000000000019E9	7.02680467697197830E-2
6.34399999999999942E9	6.89508567774171865E-2
6.34700000000000042E9	6.76599190440870224E-2
6.34999999999999964E9	6.63947102606556605E-2
6.35299999999999976E9	6.51547161913488004E-2
6.35599999999999987E9	6.39394316126865192E-2
6.35899999999999999E9	6.27483602464454115E-2
6.36200000000000010E9	6.15810146870733632E-2
6.36500000000000021E9	6.04369163240083385E-2
6.36799999999999944E9	5.93155952593339109E-2
6.37100000000000044E9	5.82165902211801978E-2
6.37399999999999967E9	5.71394484732584562E-2
6.37700000000000067E9	5.60837257208965045E-2
6.37999999999999989E9	5.50489860139228515E-2
6.38300000000000001E9	5.40348016467280701E-2
6.38600000000000012E9	5.30407530558147755E-2
6.38900000000000023E9	5.20664287151251948E-2
6.39200000000000035E9	5.11114250294300998E-2
6.39500000000000046E9	5.01753462260303262E-2
6.39799999999999969E9	4.92578042450198517E-2
6.40100000000000069E9	4.83584186283430828E-2
6.40399999999999903E9	4.74768164078546206E-2
6.40700000000000092E9	4.66126319925919663E-2
6.40999999999999925E9	4.57655070554438836E-2
6.41299999999999937E9	4.49350904193978717E-2
6.41599999999999948E9	4.41210379435262379E-2
6.41899999999999959E9	4.33230124088712287E-2
6.42199999999999971E9	4.25406834043688420E-2
6.42499999999999982E9	4.17737272129478843E-2
6.42799999999999994E9	4.10218266979280966E-2
6.43100000000000005E9	4.02846711898314691E-2
6.43400000000000016E9	3.95619563737173374E-2
6.43700000000000028E9	3.88533841771354727E-2
6.44000000000000039E9	3.81586626587915267E-2
6.44299999999999962E9	3.74775058980064957E-2
6.44600000000000062E9	3.68096338850503191E-2
6.44899999999999984E9	3.61547724124151681E-2
6.45200000000000085E9	3.55126529670970958E-2
6.45500000000000007E9	3.48830126239420579E-2
6.45800000000000018E9	3.42655939401101328E-2
6.46100000000000030E9	3.36601448507050138E-2
6.46400000000000041E9	3.30664185656127785E-2
6.46700000000000053E9	3.24841734675871407E-2
6.47000000000000064E9	3.19131730116156920E-2
6.47299999999999898E9	3.13531856255966579E-2
6.47600000000000087E9	3.08039846123545802E-2
6.47899999999999920E9	3.02653480530131969E-2
6.48200000000000109E9	2.97370587117491647E-2
6.48499999999999943E9	2.92189039419398533E-2
6.48799999999999955E9	2.87106755937204117E-2
6.49099999999999966E9	2.82121699229589762E-2
6.49399999999999977E9	2.77231875016590212E-2
6.49699999999999989E9	2.72435331297939864E-2
6.50000000000000000E9	2.67730157485778708E-2
6.50300000000000011E9	2.63114483551729350E-2
6.50600000000000023E9	2.58586479188327800E-2
6.50900000000000034E9	2.54144352984818589E-2
6.51200000000000045E9	2.49786351617225399E-2
6.51500000000000057E9	2.45510759052677319E-2
6.51799999999999891E9	2.41315895767922628E-2
6.52100000000000080E9	2.37200117981918535E-2
6.52399999999999913E9	2.33161816902431962E-2
6.52700000000000102E9	2.29199417986534826E-2
6.52999999999999936E9	2.25311380214877355E-2
6.53299999999999947E9	2.21496195379624172E-2
6.53599999999999959E9	2.17752387385910939E-2
6.53899999999999970E9	2.14078511566691976E-2
6.54199999999999982E9	2.10473154010825159E-2
6.54499999999999993E9	2.06934930904248038E-2
6.54799999999999915E9	2.03462487884083387E-2
6.55100000000000016E9	2.00054499405517916E-2
6.55399999999999938E9	1.96709668121277104E-2
6.55700000000000038E9	1.93426724273538575E-2
6.55999999999999961E9	1.90204425098106200E-2
6.56299999999999972E9	1.87041554240665353E-2
6.56599999999999984E9	1.83936921184945268E-2
6.56899999999999995E9	1.80889360692605150E-2
6.57200000000000006E9	1.77897732254669871E-2
6.57500000000000018E9	1.74960919554321692E-2
6.57800000000000029E9	1.72077829940873839E-2
6.58100000000000041E9	1.69247393914735977E-2
6.58400000000000052E9	1.66468564623192439E-2
6.58700000000000063E9	1.63740317366800747E-2
6.59000000000000075E9	1.61061649116237882E-2
6.59299999999999908E9	1.58431578039398802E-2
6.59600000000000097E9	1.55849143038571292E-2
6.59899999999999931E9	1.53313403297507600E-2
6.60200000000000120E9	1.50823437838201602E-2
6.60499999999999954E9	1.48378345087202712E-2
6.60799999999999965E9	1.45977242451279854E-2
6.61099999999999977E9	1.43619265902265436E-2
6.61399999999999988E9	1.41303569570895338E-2
6.61699999999999999E9	1.39029325349484711E-2
6.62000000000000011E9	1.36795722503246120E-2
6.62299999999999933E9	1.34601967290108893E-2
6.62600000000000033E9	1.32447282588842796E-2
6.62899999999999956E9	1.30330907535340312E-2
6.63200000000000056E9	1.28252097166884238E-2
6.63499999999999979E9	1.26210122074242292E-2
6.63799999999999990E9	1.24204268061423062E-2
6.64100000000000001E9	1.22233835812953617E-2
6.64400000000000013E9	1.20298140568495504E-2
6.64700000000000024E9	1.18396511804673032E-2
6.65000000000000036E9	1.16528292923951615E-2
6.65300000000000047E9	1.14692840950414232E-2
6.65600000000000058E9	1.12889526232300774E-2
6.65900000000000070E9	1.11117732151163806E-2
6.66200000000000081E9	1.09376854837489401E-2
6.66500000000000092E9	1.07666302892664834E-2
6.66799999999999926E9	1.05985497117138117E-2
6.67100000000000115E9	1.04333870244646887E-2
6.67399999999999949E9	1.02710866682381696E-2
6.67700000000000138E9	1.01115942256956215E-2
6.67999999999999972E9	9.95485639660548216E-3
6.68299999999999983E9	9.80082097356392801E-3
6.68599999999999994E9	9.64943681825894295E-3
6.68900000000000006E9	9.50065383826532894E-3
6.69200000000000017E9	9.35442296436011489E-3
6.69500000000000028E9	9.21069612834586060E-3
6.69799999999999862E9	9.06942624137110975E-3
6.70100000000000051E9	8.93056717273671907E-3
6.70399999999999885E9	8.79407372917745533E-3
6.70700000000000074E9	8.65990163460807416E-3
6.70999999999999908E9	8.52800751032370741E-3
6.71299999999999919E9	8.39834885564395073E-3
6.71599999999999930E9	8.27088402899155639E-3
6.71899999999999942E9	8.14557222939486891E-3
6.72199999999999953E9	8.02237347840500448E-3
6.72499999999999964E9	7.90124860241933469E-3
6.72799999999999976E9	7.78215921539992905E-3
6.73099999999999987E9	7.66506770198020604E-3
6.73399999999999999E9	7.54993720094971010E-3
6.73700000000000010E9	7.43673158910898735E-3
6.74000000000000021E9	7.32541546548585298E-3
6.74299999999999944E9	7.21595413590530121E-3
6.74600000000000044E9	7.10831359790435791E-3
6.74899999999999967E9	7.00246052598454938E-3
6.75200000000000067E9	6.89836225719426377E-3
6.75499999999999989E9	6.79598677703308063E-3
6.75800000000000001E9	6.69530270567121555E-3
6.76100000000000012E9	6.59627928447662093E-3
6.76400000000000023E9	6.49888636284254240E-3
6.76700000000000035E9	6.40309438530934649E-3
6.77000000000000046E9	6.30887437897298486E-3
6.77299999999999880E9	6.21619794117422497E-3
6.77600000000000069E9	6.12503722746181012E-3
6.77899999999999903E9	6.03536493982370548E-3
6.78200000000000092E9	5.94715431517968973E-3
6.78499999999999925E9	5.86037911412996593E-3
6.78799999999999937E9	5.77501360995341173E-3
6.79099999999999948E9	5.69103257785001038E-3
6.79399999999999959E9	5.60841128442179482E-3
6.79699999999999971E9	5.52712547738681259E-3
6.79999999999999982E9	5.44715137552090489E-3
6.80299999999999994E9	5.36846565882178872E-3
6.80600000000000005E9	5.29104545889071520E-3
6.80900000000000016E9	5.21486834952644784E-3
6.81200000000000028E9	5.13991233752684096E-3
6.81500000000000039E9	5.06615585369302401E-3
6.81799999999999962E9	4.99357774403204946E-3
6.82100000000000062E9	4.92215726115274510E-3
6.82399999999999984E9	4.85187405585112153E-3
6.82700000000000085E9	4.78270816888029593E-3
6.83000000000000007E9	4.71464002290126238E-3
6.83300000000000018E9	4.64765041460996198E-3
6.83600000000000030E9	4.58172050703692957E-3
6.83900000000000041E9	4.51683182201529831E-3
6.84200000000000053E9	4.45296623281358439E-3
6.84500000000000064E9	4.39010595692923644E-3
6.84799999999999898E9	4.32823354903944058E-3
6.85100000000000087E9	4.26733189410565217E-3
6.85399999999999920E9	4.20738420062804064E-3
6.85700000000000109E9	4.14837399404680873E-3
6.85999999999999943E9	4.09028511028671549E-3
6.86299999999999955E9	4.03310168944183722E-3
6.86599999999999966E9	3.97680816959709471E-3
6.86899999999999977E9	3.92138928078365723E-3
6.87199999999999989E9	3.86683003906505451E-3
6.87500000000000000E9	3.81311574075105231E-3
6.87800000000000011E9	3.76023195673636401E-3
6.88100000000000023E9	3.70816452696156151E-3
6.88400000000000034E9	3.65689955499302277E-3
6.88700000000000045E9	3.60642340271969442E-3
6.89000000000000057E9	3.55672268516349011E-3
6.89299999999999891E9	3.50778426540142885E-3
6.89600000000000080E9	3.45959524959626963E-3
6.89899999999999913E9	3.41214298213367329E-3
6.90200000000000102E9	3.36541504086335586E-3
6.90499999999999936E9	3.31939923244181134E-3
6.90799999999999947E9	3.27408358777443409E-3
6.91099999999999959E9	3.22945635755475458E-3
6.91399999999999970E9	3.18550600789853622E-3
6.91699999999999982E9	3.14222121607070282E-3
6.91999999999999993E9	3.09959086630300140E-3
6.92299999999999915E9	3.05760404570027511E-3
6.92600000000000016E9	3.01625004023349153E-3
6.92899999999999938E9	2.97551833081746064E-3
6.93200000000000038E9	2.93539858947140297E-3
6.93499999999999961E9	2.89588067556055195E-3
6.93799999999999972E9	2.85695463211697254E-3
6.94099999999999984E9	2.81861068223765621E-3
6.94399999999999995E9	2.78083922555851126E-3
6.94700000000000006E9	2.74363083480220560E-3
6.95000000000000018E9	2.70697625239848438E-3
6.95300000000000029E9	2.67086638717516944E-3
6.95600000000000041E9	2.63529231111839568E-3
6.95900000000000052E9	2.60024525620047919E-3
6.96200000000000063E9	2.56571661127395512E-3
6.96500000000000075E9	2.53169791903028685E-3
6.96799999999999908E9	2.49818087302187175E-3
6.97100000000000097E9	2.46515731474588895E-3
6.97399999999999931E9	2.43261923078860898E-3
6.97700000000000120E9	2.40055875002899777E-3
6.97999999999999954E9	2.36896814090002916E-3
6.98299999999999965E9	2.33783980870672981E-3
6.98599999999999977E9	2.30716629299945231E-3
6.98899999999999988E9	2.27694026500138857E-3
6.99199999999999999E9	2.24715452508898705E-3
6.99500000000000011E9	2.21780200032417252E-3
6.99799999999999933E9	2.18887574203720003E-3
7.00100000000000033E9	2.16036892345911014E-3
7.00399999999999956E9	2.13227483740263990E-3
7.00700000000000056E9	2.10458689399052190E-3
7.00999999999999979E9	2.07729861843021490E-3
7.01299999999999990E9	2.05040364883397563E-3
7.01600000000000001E9	2.02389573408333057E-3
7.01900000000000013E9	1.99776873173701541E-3
7.02200000000000024E9	1.97201660598135509E-3
7.02500000000000036E9	1.94663342562223507E-3
7.02800000000000047E9	1.92161336211772493E-3
7.03100000000000058E9	1.89695068765054242E-3
7.03400000000000070E9	1.87263977323940090E-3
7.03700000000000081E9	1.84867508688848980E-3
7.04000000000000092E9	1.82505119177420783E-3
7.04299999999999926E9	1.80176274446843143E-3
7.04600000000000115E9	1.77880449319735989E-3
7.04899999999999949E9	1.75617127613544266E-3
7.05200000000000138E9	1.73385801973337283E-3
7.05499999999999972E9	1.71185973707958827E-3
7.05799999999999983E9	1.69017152629447098E-3
7.06099999999999994E9	1.66878856895667171E-3
7.06400000000000006E9	1.64770612856068643E-3
7.06700000000000017E9	1.62691954900517421E-3
7.07000000000000028E9	1.60642425311134618E-3
7.07299999999999862E9	1.58621574117067743E-3
7.07600000000000051E9	1.56628958952148256E-3
7.07899999999999885E9	1.54664144915361224E-3
7.08200000000000074E9	1.52726704434070282E-3
7.08499999999999908E9	1.50816217129949193E-3
7.08799999999999919E9	1.48932269687550334E-3
7.09099999999999930E9	1.47074455725458320E-3
7.09399999999999942E9	1.45242375669982415E-3
7.09699999999999953E9	1.43435636631323193E-3
7.09999999999999964E9	1.41653852282164405E-3
7.10299999999999976E9	1.39896642738649124E-3
7.10599999999999987E9	1.38163634443673833E-3
7.10899999999999999E9	1.36454460052465554E-3
7.11200000000000010E9	1.34768758320386728E-3
7.11500000000000021E9	1.33106173992927590E-3
7.11799999999999944E9	1.31466357697830949E-3
7.12100000000000044E9	1.29848965839317154E-3
7.12399999999999967E9	1.28253660494356470E-3
7.12700000000000067E9	1.26680109310948419E-3
7.12999999999999989E9	1.25127985408372022E-3
7.13300000000000001E9	1.23596967279355363E-3
7.13600000000000012E9	1.22086738694137642E-3
7.13900000000000023E9	1.20596988606371314E-3
7.14200000000000035E9	1.19127411060841482E-3
7.14500000000000046E9	1.17677705102949348E-3
7.14799999999999880E9	1.16247574689935651E-3
7.15100000000000069E9	1.14836728603802762E-3
7.15399999999999903E9	1.13444880365900014E-3
7.15700000000000092E9	1.12071748153143269E-3
7.15999999999999925E9	1.10717054715828267E-3
7.16299999999999937E9	1.09380527297011176E-3
7.16599999999999948E9	1.08061897553422215E-3
7.16899999999999959E9	1.06760901477878978E-3
7.17199999999999971E9	1.05477279323173700E-3
7.17499999999999982E9	1.04210775527399502E-3
7.17799999999999994E9	1.02961138640690808E-3
7.18100000000000005E9	1.01728121253343184E-3
7.18400000000000016E9	1.00511479925296543E-3
7.18700000000000028E9	9.93109751169375876E-4
7.19000000000000039E9	9.81263711212097078E-4
7.19299999999999962E9	9.69574359969938016E-4
7.19600000000000062E9	9.58039415037435660E-4
7.19899999999999984E9	9.46656630373388275E-4
7.20200000000000085E9	9.35423795671449021E-4
7.20500000000000007E9	9.24338735742420603E-4
7.20800000000000018E9	9.13399309908122881E-4
7.21100000000000030E9	9.02603411406501266E-4
7.21400000000000041E9	8.91948966807850852E-4
7.21700000000000053E9	8.81433935441845584E-4
7.22000000000000064E9	8.71056308835218474E-4
7.22299999999999898E9	8.60814110159838819E-4
7.22600000000000087E9	8.50705393691047007E-4
7.22899999999999920E9	8.40728244275937087E-4
7.23200000000000109E9	8.30880776811489241E-4
7.23499999999999943E9	8.21161135732302760E-4
7.23799999999999955E9	8.11567494507766618E-4
7.24099999999999966E9	8.02098055148452183E-4
7.24399999999999977E9	7.92751047721589330E-4
7.24699999999999989E9	7.83524729875390147E-4
7.25000000000000000E9	7.74417386372104755E-4
7.25300000000000011E9	7.65427328629602677E-4
7.25600000000000023E9	7.56552894271314891E-4
7.25900000000000034E9	7.47792446684384160E-4
7.26200000000000045E9	7.39144374585872210E-4
7.26500000000000057E9	7.30607091596808278E-4
7.26799999999999891E9	7.22179035824033377E-4
7.27100000000000080E9	7.13858669449570549E-4
7.27399999999999913E9	7.05644478327460156E-4
7.27700000000000102E9	6.97534971587873809E-4
7.27999999999999936E9	6.89528681248377140E-4
7.28299999999999947E9	6.81624161832203423E-4
7.28599999999999959E9	6.73819989993397606E-4
7.28899999999999970E9	6.66114764148710936E-4
7.29199999999999982E9	6.58507104116096809E-4
7.29499999999999993E9	6.50995650759693412E-4
7.29799999999999915E9	6.43579065641169290E-4
7.30100000000000016E9	6.36256030677300100E-4
7.30399999999999938E9	6.29025247803663135E-4
7.30700000000000038E9	6.21885438644326882E-4
7.30999999999999961E9	6.14835344187446342E-4
7.31299999999999972E9	6.07873724466602372E-4
7.31599999999999984E9	6.00999358247822713E-4
7.31899999999999995E9	5.94211042722146843E-4
7.32200000000000006E9	5.87507593203642386E-4
7.32500000000000018E9	5.80887842832770218E-4
7.32800000000000029E9	5.74350642284982094E-4
7.33100000000000041E9	5.67894859484476378E-4
7.33400000000000052E9	5.61519379322985301E-4
7.33700000000000063E9	5.55223103383523942E-4
7.34000000000000075E9	5.49004949668992204E-4
7.34299999999999908E9	5.42863852335533448E-4
7.34600000000000097E9	5.36798761430592375E-4
7.34899999999999931E9	5.30808642635529626E-4
7.35200000000000120E9	5.24892477012757475E-4
7.35499999999999954E9	5.19049260757300424E-4
7.35799999999999965E9	5.13278004952656275E-4
7.36099999999999977E9	5.07577735330950830E-4
7.36399999999999988E9	5.01947492037231591E-4
7.36699999999999999E9	4.96386329397875681E-4
7.37000000000000011E9	4.90893315693016508E-4
7.37299999999999933E9	4.85467532932901058E-4
7.37600000000000033E9	4.80108076638136172E-4
7.37899999999999956E9	4.74814055623714104E-4
7.38200000000000056E9	4.69584591786785222E-4
7.38499999999999979E9	4.64418819898069302E-4
7.38799999999999990E9	4.59315887396882871E-4
7.39100000000000001E9	4.54274954189664815E-4
7.39400000000000013E9	4.49295192451983638E-4
7.39700000000000024E9	4.44375786433923636E-4
7.40000000000000036E9	4.39515932268825260E-4
7.40300000000000047E9	4.34714837785266894E-4
7.40600000000000058E9	4.29971722322297367E-4
7.40900000000000070E9	4.25285816547779483E-4
7.41200000000000081E9	4.20656362279864204E-4
7.41500000000000092E9	4.16082612311488198E-4
7.41799999999999926E9	4.11563830237849793E-4
7.42100000000000115E9	4.07099290286821613E-4
7.42399999999999949E9	4.02688277152240026E-4
7.42700000000000138E9	3.98330085830007841E-4
7.42999999999999972E9	3.94024021456979012E-4
7.43299999999999983E9	3.89769399152551932E-4
7.43599999999999994E9	3.85565543862953941E-4
7.43900000000000006E9	3.81411790208130164E-4
7.44200000000000017E9	3.77307482331215516E-4
7.44500000000000028E9	3.73251973750540778E-4
7.44799999999999862E9	3.69244627214113885E-4
7.45100000000000051E9	3.65284814556545268E-4
7.45399999999999885E9	3.61371916558369977E-4
7.45700000000000074E9	3.57505322807715231E-4
7.45999999999999908E9	3.53684431564285706E-4
7.46299999999999919E9	3.49908649625608703E-4
7.46599999999999930E9	3.46177392195514733E-4
7.46899999999999942E9	3.42490082754802971E-4
7.47199999999999953E9	3.38846152934051403E-4
7.47499999999999964E9	3.35245042388543091E-4
7.47799999999999976E9	3.31686198675262878E-4
7.48099999999999987E9	3.28169077131935927E-4
7.48399999999999999E9	3.24693140758050447E-4
7.48700000000000010E9	3.21257860097859993E-4
7.49000000000000021E9	3.17862713125309337E-4
7.49299999999999944E9	3.14507185130853362E-4
7.49600000000000044E9	3.11190768610147472E-4
7.49899999999999967E9	3.07912963154546526E-4
7.50200000000000067E9	3.04673275343424610E-4
7.50499999999999989E9	3.01471218638242933E-4
7.50800000000000001E9	2.98306313278353663E-4
7.51100000000000012E9	2.95178086178518573E-4
7.51400000000000023E9	2.92086070828083466E-4
7.51700000000000035E9	2.89029807191808796E-4
7.52000000000000046E9	2.86008841612313347E-4
7.52299999999999880E9	2.83022726714103445E-4
7.52600000000000069E9	2.80071021309158841E-4
7.52899999999999903E9	2.77153290304058064E-4
7.53200000000000092E9	2.74269104608598902E-4
7.53499999999999925E9	2.71418041045906167E-4
7.53799999999999937E9	2.68599682263991557E-4
7.54099999999999948E9	2.65813616648738549E-4
7.54399999999999959E9	2.63059438238291099E-4
7.54699999999999971E9	2.60336746638823158E-4
7.54999999999999982E9	2.57645146941666070E-4
7.55299999999999994E9	2.54984249641758920E-4
7.55600000000000005E9	2.52353670557417153E-4
7.55900000000000016E9	2.49753030751378624E-4
7.56200000000000028E9	2.47181956453125640E-4
7.56500000000000039E9	2.44640078982437226E-4
7.56799999999999962E9	2.42127034674166408E-4
7.57100000000000062E9	2.39642464804221955E-4
7.57399999999999984E9	2.37186015516722204E-4
7.57700000000000085E9	2.34757337752314310E-4
7.58000000000000007E9	2.32356087177629611E-4
7.58300000000000018E9	2.29981924115861114E-4
7.58600000000000030E9	2.27634513478436729E-4
7.58900000000000041E9	2.25313524697785006E-4
7.59200000000000053E9	2.23018631661150124E-4
7.59500000000000064E9	2.20749512645469181E-4
7.59799999999999898E9	2.18505850253261480E-4
7.60100000000000087E9	2.16287331349537659E-4
7.60399999999999920E9	2.14093646999703235E-4
7.60700000000000109E9	2.11924492408430742E-4
7.60999999999999943E9	2.09779566859500433E-4
7.61299999999999955E9	2.07658573656579515E-4
7.61599999999999966E9	2.05561220064928563E-4
7.61899999999999977E9	2.03487217254028296E-4
7.62199999999999989E9	2.01436280241093169E-4
7.62500000000000000E9	1.99408127835471971E-4
7.62800000000000011E9	1.97402482583916861E-4
7.63100000000000023E9	1.95419070716701349E-4
7.63400000000000034E9	1.93457622094579795E-4
7.63700000000000045E9	1.91517870156568715E-4
7.64000000000000057E9	1.89599551868541649E-4
7.64299999999999891E9	1.87702407672614724E-4
7.64600000000000080E9	1.85826181437328430E-4
7.64899999999999913E9	1.83970620408585095E-4
7.65200000000000102E9	1.82135475161355487E-4
7.65499999999999936E9	1.80320499552124347E-4
7.65799999999999947E9	1.78525450672073083E-4
7.66099999999999959E9	1.76750088800981642E-4
7.66399999999999970E9	1.74994177361837999E-4
7.66699999999999982E9	1.73257482876146662E-4
7.66999999999999993E9	1.71539774919923760E-4
7.67299999999999915E9	1.69840826080363438E-4
7.67600000000000016E9	1.68160411913170149E-4
7.67899999999999938E9	1.66498310900543434E-4
7.68200000000000038E9	1.64854304409800756E-4
7.68499999999999961E9	1.63228176652638557E-4
7.68799999999999972E9	1.61619714645006907E-4
7.69099999999999984E9	1.60028708167597955E-4
7.69399999999999995E9	1.58454949726936656E-4
7.69700000000000006E9	1.56898234517059842E-4
7.70000000000000018E9	1.55358360381776262E-4
7.70300000000000029E9	1.53835127777502101E-4
7.70600000000000041E9	1.52328339736653917E-4
7.70900000000000052E9	1.50837801831598606E-4
7.71200000000000063E9	1.49363322139146848E-4
7.71500000000000075E9	1.47904711205580930E-4
7.71799999999999908E9	1.46461782012211361E-4
7.72100000000000097E9	1.45034349941449681E-4
7.72399999999999931E9	1.43622232743391343E-4
7.72700000000000120E9	1.42225250502904865E-4
7.72999999999999954E9	1.40843225607206413E-4
7.73299999999999965E9	1.39475982713928914E-4
7.73599999999999977E9	1.38123348719660299E-4
7.73899999999999988E9	1.36785152728959747E-4
7.74199999999999999E9	1.35461226023832570E-4
7.74500000000000011E9	1.34151402033659739E-4
7.74799999999999933E9	1.32855516305577215E-4
7.75100000000000033E9	1.31573406475295851E-4
7.75399999999999956E9	1.30304912238353188E-4
7.75700000000000056E9	1.29049875321795104E-4
7.75999999999999979E9	1.27808139456273739E-4
7.76299999999999990E9	1.26579550348563719E-4
7.76600000000000001E9	1.25363955654477399E-4
7.76900000000000013E9	1.24161204952189808E-4
7.77200000000000024E9	1.22971149715951045E-4
7.77500000000000036E9	1.21793643290186293E-4
7.77800000000000047E9	1.20628540863982092E-4
7.78100000000000058E9	1.19475699445943362E-4
7.78400000000000070E9	1.18334977839421995E-4
7.78700000000000081E9	1.17206236618109294E-4
7.79000000000000092E9	1.16089338101986383E-4
7.79299999999999926E9	1.14984146333625548E-4
7.79600000000000115E9	1.13890527054840840E-4
7.79899999999999949E9	1.12808347683677845E-4
7.80200000000000138E9	1.11737477291740239E-4
7.80499999999999972E9	1.10677786581848636E-4
7.80799999999999983E9	1.09629147866020538E-4
7.81099999999999994E9	1.08591435043777507E-4
7.81400000000000006E9	1.07564523580760762E-4
7.81700000000000017E9	1.06548290487662722E-4
7.82000000000000028E9	1.05542614299460813E-4
7.82299999999999862E9	1.04547375054954106E-4
7.82600000000000051E9	1.03562454276595672E-4
7.82899999999999885E9	1.02587734950615261E-4
7.83200000000000074E9	1.01623101507432234E-4
7.83499999999999908E9	1.00668439802347587E-4
7.83799999999999919E9	9.97236370965171304E-5
7.84099999999999930E9	9.87885820381958979E-5
7.84399999999999942E9	9.78631646442556224E-5
7.84699999999999953E9	9.69472762819651734E-5
7.84999999999999964E9	9.60408096510317932E-5
7.85299999999999976E9	9.51436587659040178E-5
7.85599999999999987E9	9.42557189383236071E-5
7.85899999999999999E9	9.33768867601289365E-5
7.86200000000000010E9	9.25070600863045556E-5
7.86500000000000021E9	9.16461380182711949E-5
7.86799999999999944E9	9.07940208874170551E-5
7.87100000000000044E9	8.99506102388587969E-5
7.87399999999999967E9	8.91158088154391592E-5
7.87700000000000067E9	8.82895205419474927E-5
7.87999999999999989E9	8.74716505095681995E-5
7.88300000000000001E9	8.66621049605456228E-5
7.88600000000000012E9	8.58607912730702338E-5
7.88900000000000023E9	8.50676179463768278E-5
7.89200000000000035E9	8.42824945860520103E-5
7.89500000000000046E9	8.35053318895531405E-5
7.89799999999999880E9	8.27360416319271330E-5
7.90100000000000069E9	8.19745366517346241E-5
7.90399999999999903E9	8.12207308371692882E-5
7.90700000000000092E9	8.04745391123733356E-5
7.90999999999999925E9	7.97358774239466683E-5
7.91299999999999937E9	7.90046627276432822E-5
7.91599999999999948E9	7.82808129752550652E-5
7.91899999999999959E9	7.75642471016810120E-5
7.92199999999999971E9	7.68548850121734084E-5
7.92499999999999982E9	7.61526475697669092E-5
7.92799999999999994E9	7.54574565828793631E-5
7.93100000000000005E9	7.47692347930888435E-5
7.93400000000000016E9	7.40879058630769372E-5
7.93700000000000028E9	7.34133943647442955E-5
7.94000000000000039E9	7.27456257674896101E-5
7.94299999999999962E9	7.20845264266498020E-5
7.94600000000000062E9	7.14300235721026944E-5
7.94899999999999984E9	7.07820452970279312E-5
7.95200000000000085E9	7.01405205468207971E-5
7.95500000000000007E9	6.95053791081637318E-5
7.95800000000000018E9	6.88765515982443421E-5
7.96100000000000030E9	6.82539694541255670E-5
7.96400000000000041E9	6.76375649222613617E-5
7.96700000000000053E9	6.70272710481559386E-5
7.97000000000000064E9	6.64230216661668216E-5
7.97299999999999898E9	6.58247513894478509E-5
7.97600000000000087E9	6.52323956000281235E-5
7.97899999999999920E9	6.46458904390314437E-5
7.98200000000000109E9	6.40651727970257046E-5
7.98499999999999943E9	6.34901803045060387E-5
7.98799999999999955E9	6.29208513225090638E-5
7.99099999999999966E9	6.23571249333536226E-5
7.99399999999999977E9	6.17989409315089944E-5
7.99699999999999989E9	6.12462398145882148E-5
8.00000000000000000E9	6.06989627744620996E-5


