freq	Eq_Tx
4.00000000000000000E9	1.54295049544644880E-2
4.00300000000000011E9	1.54500857688361970E-2
4.00600000000000023E9	1.54708101314726787E-2
4.00899999999999945E9	1.54916786338723478E-2
4.01199999999999957E9	1.55126918719636819E-2
4.01499999999999968E9	1.55338504461385574E-2
4.01799999999999979E9	1.55551549612905404E-2
4.02099999999999991E9	1.55766060268491602E-2
4.02399999999999913E9	1.55982042568150203E-2
4.02699999999999925E9	1.56199502697988724E-2
4.02999999999999936E9	1.56418446890552865E-2
4.03299999999999947E9	1.56638881425214405E-2
4.03599999999999959E9	1.56860812628530888E-2
4.03899999999999970E9	1.57084246874623013E-2
4.04199999999999982E9	1.57309190585554992E-2
4.04499999999999993E9	1.57535650231700508E-2
4.04800000000000004E9	1.57763632332135684E-2
4.05100000000000016E9	1.57993143455016027E-2
4.05400000000000027E9	1.58224190217975158E-2
4.05700000000000038E9	1.58456779288496286E-2
4.06000000000000050E9	1.58690917384316554E-2
4.06300000000000061E9	1.58926611273826013E-2
4.06600000000000072E9	1.59163867776449286E-2
4.06899999999999995E9	1.59402693763063885E-2
4.07200000000000006E9	1.59643096156399356E-2
4.07500000000000018E9	1.59885081931441198E-2
4.07800000000000029E9	1.60128658115840050E-2
4.08100000000000041E9	1.60373831790338173E-2
4.08399999999999963E9	1.60620610089166926E-2
4.08699999999999974E9	1.60869000200481560E-2
4.08999999999999986E9	1.61119009366777188E-2
4.09299999999999997E9	1.61370644885323711E-2
4.09600000000000009E9	1.61623914108581834E-2
4.09899999999999931E9	1.61878824444645653E-2
4.10199999999999942E9	1.62135383357681628E-2
4.10499999999999954E9	1.62393598368359671E-2
4.10799999999999965E9	1.62653477054299533E-2
4.11099999999999977E9	1.62915027050531158E-2
4.11399999999999988E9	1.63178256049922843E-2
4.11699999999999999E9	1.63443171803650200E-2
4.12000000000000011E9	1.63709782121651282E-2
4.12300000000000022E9	1.63978094873088587E-2
4.12600000000000033E9	1.64248117986810094E-2
4.12899999999999956E9	1.64519859451821970E-2
4.13199999999999967E9	1.64793327317761751E-2
4.13499999999999979E9	1.65068529695380040E-2
4.13799999999999990E9	1.65345474757008648E-2
4.14100000000000001E9	1.65624170737056242E-2
4.14400000000000013E9	1.65904625932492000E-2
4.14700000000000024E9	1.66186848703346857E-2
4.15000000000000036E9	1.66470847473190520E-2
4.15300000000000047E9	1.66756630729657496E-2
4.15600000000000058E9	1.67044207024935365E-2
4.15899999999999981E9	1.67333584976282523E-2
4.16199999999999992E9	1.67624773266536575E-2
4.16500000000000004E9	1.67917780644639913E-2
4.16800000000000015E9	1.68212615926151332E-2
4.17100000000000026E9	1.68509287993787504E-2
4.17399999999999949E9	1.68807805797939081E-2
4.17699999999999960E9	1.69108178357215477E-2
4.17999999999999972E9	1.69410414758985395E-2
4.18299999999999983E9	1.69714524159932711E-2
4.18599999999999994E9	1.70020515786572801E-2
4.18900000000000006E9	1.70328398935854053E-2
4.19200000000000017E9	1.70638182975667796E-2
4.19500000000000028E9	1.70949877345460099E-2
4.19800000000000040E9	1.71263491556770009E-2
4.20100000000000051E9	1.71579035193815788E-2
4.20399999999999974E9	1.71896517914065727E-2
4.20699999999999985E9	1.72215949448835914E-2
4.20999999999999996E9	1.72537339603870743E-2
4.21300000000000008E9	1.72860698259939527E-2
4.21600000000000019E9	1.73186035373434422E-2
4.21899999999999942E9	1.73513360976982223E-2
4.22199999999999953E9	1.73842685180048195E-2
4.22499999999999964E9	1.74174018169556710E-2
4.22799999999999976E9	1.74507370210510460E-2
4.23099999999999987E9	1.74842751646616335E-2
4.23399999999999999E9	1.75180172900928088E-2
4.23700000000000010E9	1.75519644476464620E-2
4.24000000000000021E9	1.75861176956876042E-2
4.24300000000000033E9	1.76204781007087807E-2
4.24600000000000044E9	1.76550467373940312E-2
4.24899999999999967E9	1.76898246886870769E-2
4.25199999999999978E9	1.77248130458573261E-2
4.25499999999999989E9	1.77600129085670222E-2
4.25800000000000001E9	1.77954253849398913E-2
4.26100000000000012E9	1.78310515916291523E-2
4.26400000000000023E9	1.78668926538865125E-2
4.26700000000000035E9	1.79029497056324427E-2
4.27000000000000046E9	1.79392238895278133E-2
4.27300000000000058E9	1.79757163570422285E-2
4.27600000000000069E9	1.80124282685285331E-2
4.27899999999999991E9	1.80493607932937605E-2
4.28200000000000003E9	1.80865151096727717E-2
4.28500000000000014E9	1.81238924051021044E-2
4.28800000000000026E9	1.81614938761938571E-2
4.29100000000000037E9	1.81993207288118630E-2
4.29399999999999959E9	1.82373741781463261E-2
4.29699999999999971E9	1.82756554487910794E-2
4.29999999999999982E9	1.83141657748213360E-2
4.30299999999999994E9	1.83529063998703168E-2
4.30600000000000005E9	1.83918785772091997E-2
4.30899999999999928E9	1.84310835698257236E-2
4.31199999999999939E9	1.84705226505043596E-2
4.31499999999999950E9	1.85101971019089806E-2
4.31799999999999962E9	1.85501082166614450E-2
4.32099999999999973E9	1.85902572974268288E-2
4.32399999999999984E9	1.86306456569947265E-2
4.32699999999999996E9	1.86712746183647349E-2
4.33000000000000007E9	1.87121455148302651E-2
4.33300000000000018E9	1.87532596900640969E-2
4.33600000000000030E9	1.87946184982054643E-2
4.33900000000000041E9	1.88362233039468130E-2
4.34200000000000053E9	1.88780754826217301E-2
4.34500000000000064E9	1.89201764202942102E-2
4.34800000000000075E9	1.89625275138476690E-2
4.35100000000000087E9	1.90051301710764897E-2
4.35400000000000009E9	1.90479858107761824E-2
4.35700000000000021E9	1.90910958628368421E-2
4.36000000000000032E9	1.91344617683356866E-2
4.36300000000000043E9	1.91780849796315844E-2
4.36600000000000055E9	1.92219669604589805E-2
4.36899999999999977E9	1.92661091860245026E-2
4.37199999999999989E9	1.93105131431037647E-2
4.37500000000000000E9	1.93551803301397918E-2
4.37800000000000011E9	1.94001122573392748E-2
4.38100000000000023E9	1.94453104467744176E-2
4.38399999999999945E9	1.94907764324829147E-2
4.38699999999999957E9	1.95365117605685157E-2
4.38999999999999968E9	1.95825179893051970E-2
4.39299999999999979E9	1.96287966892385279E-2
4.39599999999999991E9	1.96753494432922005E-2
4.39899999999999913E9	1.97221778468721332E-2
4.40199999999999925E9	1.97692835079732210E-2
4.40499999999999936E9	1.98166680472871581E-2
4.40799999999999947E9	1.98643330983110511E-2
4.41099999999999959E9	1.99122803074568022E-2
4.41399999999999970E9	1.99605113341614238E-2
4.41699999999999982E9	2.00090278509997255E-2
4.41999999999999993E9	2.00578315437958965E-2
4.42300000000000004E9	2.01069241117390263E-2
4.42600000000000016E9	2.01563072674970423E-2
4.42900000000000027E9	2.02059827373333611E-2
4.43200000000000038E9	2.02559522612229959E-2
4.43500000000000050E9	2.03062175929732014E-2
4.43800000000000061E9	2.03567805003411140E-2
4.44100000000000072E9	2.04076427651565862E-2
4.44399999999999995E9	2.04588061834413981E-2
4.44700000000000006E9	2.05102725655349749E-2
4.45000000000000018E9	2.05620437362176567E-2
4.45300000000000029E9	2.06141215348359230E-2
4.45600000000000041E9	2.06665078154306103E-2
4.45899999999999963E9	2.07192044468634418E-2
4.46199999999999974E9	2.07722133129479536E-2
4.46499999999999986E9	2.08255363125784720E-2
4.46799999999999997E9	2.08791753598632734E-2
4.47100000000000009E9	2.09331323842574157E-2
4.47399999999999931E9	2.09874093306977860E-2
4.47699999999999942E9	2.10420081597380459E-2
4.47999999999999954E9	2.10969308476868500E-2
4.48299999999999965E9	2.11521793867454333E-2
4.48599999999999977E9	2.12077557851492493E-2
4.48899999999999988E9	2.12636620673074583E-2
4.49199999999999999E9	2.13199002739468657E-2
4.49500000000000011E9	2.13764724622559843E-2
4.49800000000000022E9	2.14333807060308512E-2
4.50100000000000033E9	2.14906270958214085E-2
4.50399999999999956E9	2.15482137390811390E-2
4.50699999999999967E9	2.16061427603162448E-2
4.50999999999999979E9	2.16644163012380764E-2
4.51299999999999990E9	2.17230365209155885E-2
4.51600000000000001E9	2.17820055959299630E-2
4.51900000000000013E9	2.18413257205315903E-2
4.52200000000000024E9	2.19009991067968235E-2
4.52500000000000036E9	2.19610279847883749E-2
4.52800000000000047E9	2.20214146027154545E-2
4.53100000000000058E9	2.20821612270969370E-2
4.53399999999999981E9	2.21432701429249468E-2
4.53699999999999992E9	2.22047436538318621E-2
4.54000000000000004E9	2.22665840822568217E-2
4.54300000000000015E9	2.23287937696149985E-2
4.54600000000000026E9	2.23913750764704433E-2
4.54899999999999949E9	2.24543303827058338E-2
4.55199999999999960E9	2.25176620876992262E-2
4.55499999999999972E9	2.25813726104998480E-2
4.55799999999999983E9	2.26454643900055830E-2
4.56099999999999994E9	2.27099398851433421E-2
4.56400000000000006E9	2.27748015750506028E-2
4.56700000000000017E9	2.28400519592589202E-2
4.57000000000000028E9	2.29056935578796850E-2
4.57300000000000040E9	2.29717289117909962E-2
4.57600000000000051E9	2.30381605828271585E-2
4.57899999999999974E9	2.31049911539699826E-2
4.58199999999999985E9	2.31722232295410802E-2
4.58499999999999996E9	2.32398594353989285E-2
4.58800000000000008E9	2.33079024191336082E-2
4.59100000000000019E9	2.33763548502676555E-2
4.59399999999999942E9	2.34452194204566711E-2
4.59699999999999953E9	2.35144988436926017E-2
4.59999999999999964E9	2.35841958565087673E-2
4.60299999999999976E9	2.36543132181882720E-2
4.60599999999999987E9	2.37248537109726820E-2
4.60899999999999999E9	2.37958201402744951E-2
4.61200000000000010E9	2.38672153348902549E-2
4.61500000000000021E9	2.39390421472179682E-2
4.61800000000000033E9	2.40113034534748948E-2
4.62100000000000044E9	2.40840021539173410E-2
4.62399999999999967E9	2.41571411730653374E-2
4.62699999999999978E9	2.42307234599271215E-2
4.62999999999999989E9	2.43047519882260676E-2
4.63300000000000001E9	2.43792297566327276E-2
4.63600000000000012E9	2.44541597889939721E-2
4.63900000000000023E9	2.45295451345716176E-2
4.64200000000000035E9	2.46053888682767763E-2
4.64500000000000046E9	2.46816940909110061E-2
4.64800000000000058E9	2.47584639294082409E-2
4.65100000000000069E9	2.48357015370790268E-2
4.65399999999999991E9	2.49134100938588388E-2
4.65700000000000003E9	2.49915928065578008E-2
4.66000000000000014E9	2.50702529091119786E-2
4.66300000000000026E9	2.51493936628401116E-2
4.66600000000000037E9	2.52290183567011672E-2
4.66899999999999959E9	2.53091303075545282E-2
4.67199999999999971E9	2.53897328604229378E-2
4.67499999999999982E9	2.54708293887595927E-2
4.67799999999999994E9	2.55524232947167107E-2
4.68100000000000005E9	2.56345180094162206E-2
4.68399999999999928E9	2.57171169932261545E-2
4.68699999999999939E9	2.58002237360363385E-2
4.68999999999999950E9	2.58838417575405311E-2
4.69299999999999962E9	2.59679746075179896E-2
4.69599999999999973E9	2.60526258661213417E-2
4.69899999999999984E9	2.61377991441648216E-2
4.70199999999999996E9	2.62234980834179154E-2
4.70500000000000007E9	2.63097263569003692E-2
4.70800000000000018E9	2.63964876691799333E-2
4.71100000000000030E9	2.64837857566758661E-2
4.71400000000000041E9	2.65716243879634595E-2
4.71700000000000053E9	2.66600073640816149E-2
4.72000000000000064E9	2.67489385188455620E-2
4.72300000000000075E9	2.68384217191607810E-2
4.72600000000000087E9	2.69284608653420143E-2
4.72900000000000009E9	2.70190598914348890E-2
4.73200000000000021E9	2.71102227655403594E-2
4.73500000000000032E9	2.72019534901439330E-2
4.73800000000000043E9	2.72942561024478936E-2
4.74100000000000055E9	2.73871346747061839E-2
4.74399999999999977E9	2.74805933145642367E-2
4.74699999999999989E9	2.75746361654019845E-2
4.75000000000000000E9	2.76692674066802535E-2
4.75300000000000011E9	2.77644912542895117E-2
4.75600000000000023E9	2.78603119609077021E-2
4.75899999999999945E9	2.79567338163535561E-2
4.76199999999999957E9	2.80537611479516658E-2
4.76499999999999968E9	2.81513983208963881E-2
4.76799999999999979E9	2.82496497386213852E-2
4.77099999999999991E9	2.83485198431742180E-2
4.77399999999999913E9	2.84480131155928140E-2
4.77699999999999925E9	2.85481340762868241E-2
4.77999999999999936E9	2.86488872854251886E-2
4.78299999999999947E9	2.87502773433233560E-2
4.78599999999999959E9	2.88523088908397396E-2
4.78899999999999970E9	2.89549866097723818E-2
4.79199999999999982E9	2.90583152232628095E-2
4.79499999999999993E9	2.91622994962024773E-2
4.79800000000000004E9	2.92669442356439502E-2
4.80100000000000016E9	2.93722542912178142E-2
4.80400000000000027E9	2.94782345555524961E-2
4.80700000000000038E9	2.95848899646978758E-2
4.81000000000000050E9	2.96922254985583223E-2
4.81300000000000061E9	2.98002461813234909E-2
4.81600000000000072E9	2.99089570819091488E-2
4.81899999999999995E9	3.00183633144009354E-2
4.82200000000000006E9	3.01284700385023729E-2
4.82500000000000018E9	3.02392824599884635E-2
4.82800000000000029E9	3.03508058311650419E-2
4.83100000000000041E9	3.04630454513307214E-2
4.83399999999999963E9	3.05760066672472064E-2
4.83699999999999974E9	3.06896948736117503E-2
4.83999999999999986E9	3.08041155135357725E-2
4.84299999999999997E9	3.09192740790305809E-2
4.84600000000000009E9	3.10351761114947156E-2
4.84899999999999931E9	3.11518272022106091E-2
4.85199999999999942E9	3.12692329928429213E-2
4.85499999999999954E9	3.13873991759458582E-2
4.85799999999999965E9	3.15063314954732476E-2
4.86099999999999977E9	3.16260357472962772E-2
4.86399999999999988E9	3.17465177797248632E-2
4.86699999999999999E9	3.18677834940374360E-2
4.87000000000000011E9	3.19898388450137094E-2
4.87300000000000022E9	3.21126898414750706E-2
4.87600000000000033E9	3.22363425468306009E-2
4.87899999999999956E9	3.23608030796295054E-2
4.88199999999999967E9	3.24860776141175389E-2
4.88499999999999979E9	3.26121723808027797E-2
4.88799999999999990E9	3.27390936670259070E-2
4.89100000000000001E9	3.28668478175351808E-2
4.89400000000000013E9	3.29954412350719162E-2
4.89700000000000024E9	3.31248803809583681E-2
4.90000000000000036E9	3.32551717756941212E-2
4.90300000000000047E9	3.33863219995594562E-2
4.90600000000000058E9	3.35183376932230503E-2
4.90899999999999981E9	3.36512255583594877E-2
4.91199999999999992E9	3.37849923582721789E-2
4.91500000000000004E9	3.39196449185217563E-2
4.91800000000000015E9	3.40551901275643853E-2
4.92100000000000026E9	3.41916349373944373E-2
4.92399999999999949E9	3.43289863641962834E-2
4.92699999999999960E9	3.44672514890023951E-2
4.92999999999999972E9	3.46064374583576262E-2
4.93299999999999983E9	3.47465514849950541E-2
4.93599999999999994E9	3.48876008485130118E-2
4.93900000000000006E9	3.50295928960645053E-2
4.94200000000000017E9	3.51725350430542960E-2
4.94500000000000028E9	3.53164347738399087E-2
4.94800000000000040E9	3.54612996424439109E-2
4.95100000000000051E9	3.56071372732730707E-2
4.95399999999999974E9	3.57539553618461259E-2
4.95699999999999985E9	3.59017616755275659E-2
4.95999999999999996E9	3.60505640542723960E-2
4.96300000000000008E9	3.62003704113771629E-2
4.96600000000000019E9	3.63511887342404272E-2
4.96899999999999942E9	3.65030270851314720E-2
4.97199999999999953E9	3.66558936019677484E-2
4.97499999999999964E9	3.68097964990991233E-2
4.97799999999999976E9	3.69647440681054817E-2
4.98099999999999987E9	3.71207446785978501E-2
4.98399999999999999E9	3.72778067790324785E-2
4.98700000000000010E9	3.74359388975309626E-2
4.99000000000000021E9	3.75951496427122889E-2
4.99300000000000033E9	3.77554477045323633E-2
4.99600000000000044E9	3.79168418551347131E-2
4.99899999999999967E9	3.80793409497075608E-2
5.00199999999999978E9	3.82429539273539287E-2
5.00499999999999989E9	3.84076898119692078E-2
5.00800000000000001E9	3.85735577131307483E-2
5.01100000000000012E9	3.87405668269941206E-2
5.01400000000000023E9	3.89087264372025343E-2
5.01700000000000035E9	3.90780459158053706E-2
5.02000000000000046E9	3.92485347241859861E-2
5.02300000000000058E9	3.94202024140015261E-2
5.02600000000000069E9	3.95930586281328978E-2
5.02899999999999991E9	3.97671131016431367E-2
5.03200000000000003E9	3.99423756627516369E-2
5.03500000000000014E9	4.01188562338129806E-2
5.03800000000000026E9	4.02965648323111925E-2
5.04100000000000037E9	4.04755115718645442E-2
5.04399999999999959E9	4.06557066632396502E-2
5.04699999999999971E9	4.08371604153782819E-2
5.04999999999999982E9	4.10198832364368027E-2
5.05299999999999994E9	4.12038856348344495E-2
5.05600000000000005E9	4.13891782203156477E-2
5.05899999999999928E9	4.15757717050240760E-2
5.06199999999999939E9	4.17636769045871858E-2
5.06499999999999950E9	4.19529047392147980E-2
5.06799999999999962E9	4.21434662348084643E-2
5.07099999999999973E9	4.23353725240842671E-2
5.07399999999999984E9	4.25286348477081955E-2
5.07699999999999996E9	4.27232645554431478E-2
5.08000000000000007E9	4.29192731073102074E-2
5.08300000000000018E9	4.31166720747615795E-2
5.08600000000000030E9	4.33154731418680417E-2
5.08900000000000041E9	4.35156881065189260E-2
5.09200000000000053E9	4.37173288816346250E-2
5.09500000000000064E9	4.39204074963947289E-2
5.09800000000000075E9	4.41249360974785354E-2
5.10100000000000087E9	4.43309269503185988E-2
5.10400000000000009E9	4.45383924403718190E-2
5.10700000000000021E9	4.47473450743989876E-2
5.11000000000000032E9	4.49577974817649295E-2
5.11300000000000043E9	4.51697624157482558E-2
5.11600000000000055E9	4.53832527548683728E-2
5.11899999999999977E9	4.55982815042267831E-2
5.12200000000000077E9	4.58148617968621963E-2
5.12500000000000000E9	4.60330068951223570E-2
5.12799999999999923E9	4.62527301920501621E-2
5.13100000000000023E9	4.64740452127863435E-2
5.13399999999999945E9	4.66969656159846380E-2
5.13700000000000045E9	4.69215051952481765E-2
5.13999999999999968E9	4.71476778805757757E-2
5.14299999999999891E9	4.73754977398285160E-2
5.14599999999999991E9	4.76049789802115697E-2
5.14899999999999913E9	4.78361359497705863E-2
5.15200000000000014E9	4.80689831389079458E-2
5.15499999999999936E9	4.83035351819131265E-2
5.15799999999999947E9	4.85398068585095110E-2
5.16099999999999959E9	4.87778130954237898E-2
5.16399999999999970E9	4.90175689679640403E-2
5.16699999999999982E9	4.92590897016227558E-2
5.16999999999999993E9	4.95023906736934993E-2
5.17300000000000004E9	4.97474874149060931E-2
5.17600000000000016E9	4.99943956110818188E-2
5.17900000000000027E9	5.02431311048035667E-2
5.18200000000000038E9	5.04937098971057274E-2
5.18500000000000050E9	5.07461481491851707E-2
5.18799999999999972E9	5.10004621841265227E-2
5.19100000000000072E9	5.12566684886482804E-2
5.19399999999999995E9	5.15147837148711041E-2
5.19700000000000095E9	5.17748246820986946E-2
5.20000000000000018E9	5.20368083786240376E-2
5.20299999999999940E9	5.23007519635537577E-2
5.20600000000000041E9	5.25666727686513457E-2
5.20899999999999963E9	5.28345883001991190E-2
5.21200000000000063E9	5.31045162408845339E-2
5.21499999999999986E9	5.33764744517040679E-2
5.21799999999999908E9	5.36504809738869159E-2
5.22100000000000009E9	5.39265540308426594E-2
5.22399999999999931E9	5.42047120301260854E-2
5.22700000000000031E9	5.44849735654259870E-2
5.22999999999999954E9	5.47673574185753598E-2
5.23299999999999965E9	5.50518825615806051E-2
5.23599999999999977E9	5.53385681586747502E-2
5.23899999999999988E9	5.56274335683932541E-2
5.24199999999999999E9	5.59184983456685547E-2
5.24500000000000011E9	5.62117822439508341E-2
5.24799999999999933E9	5.65073052173490264E-2
5.25100000000000033E9	5.68050874227942959E-2
5.25399999999999956E9	5.71051492222284462E-2
5.25700000000000056E9	5.74075111848138597E-2
5.25999999999999979E9	5.77121940891663066E-2
5.26299999999999990E9	5.80192189256135915E-2
5.26600000000000001E9	5.83286068984742112E-2
5.26900000000000013E9	5.86403794283644064E-2
5.27200000000000024E9	5.89545581545244080E-2
5.27500000000000036E9	5.92711649371732729E-2
5.27799999999999958E9	5.95902218598850730E-2
5.28100000000000058E9	5.99117512319912038E-2
5.28399999999999981E9	6.02357755910072967E-2
5.28700000000000081E9	6.05623177050853201E-2
5.29000000000000004E9	6.08914005754891274E-2
5.29299999999999926E9	6.12230474390982682E-2
5.29600000000000026E9	6.15572817709349174E-2
5.29899999999999949E9	6.18941272867182057E-2
5.30200000000000049E9	6.22336079454423974E-2
5.30499999999999972E9	6.25757479519836846E-2
5.30799999999999983E9	6.29205717597305458E-2
5.31099999999999994E9	6.32681040732426325E-2
5.31400000000000006E9	6.36183698509356077E-2
5.31700000000000017E9	6.39713943077923552E-2
5.32000000000000028E9	6.43272029181001326E-2
5.32299999999999951E9	6.46858214182174862E-2
5.32600000000000051E9	6.50472758093658587E-2
5.32899999999999974E9	6.54115923604502036E-2
5.33200000000000074E9	6.57787976109041939E-2
5.33499999999999996E9	6.61489183735687103E-2
5.33799999999999919E9	6.65219817375913269E-2
5.34100000000000019E9	6.68980150713582944E-2
5.34399999999999942E9	6.72770460254539149E-2
5.34700000000000042E9	6.76591025356465359E-2
5.34999999999999964E9	6.80442128259035783E-2
5.35299999999999976E9	6.84324054114352265E-2
5.35599999999999987E9	6.88237091017681202E-2
5.35899999999999999E9	6.92181530038423354E-2
5.36200000000000010E9	6.96157665251450553E-2
5.36500000000000021E9	7.00165793768652023E-2
5.36799999999999944E9	7.04206215770830468E-2
5.37100000000000044E9	7.08279234539849156E-2
5.37399999999999967E9	7.12385156491087823E-2
5.37700000000000067E9	7.16524291206176311E-2
5.37999999999999989E9	7.20696951466037028E-2
5.38300000000000001E9	7.24903453284205312E-2
5.38600000000000012E9	7.29144115940450011E-2
5.38900000000000023E9	7.33419262014674445E-2
5.39200000000000035E9	7.37729217421124694E-2
5.39500000000000046E9	7.42074311442897816E-2
5.39799999999999969E9	7.46454876766696085E-2
5.40100000000000069E9	7.50871249517936068E-2
5.40399999999999991E9	7.55323769296121128E-2
5.40700000000000092E9	7.59812779210490064E-2
5.41000000000000014E9	7.64338625915980341E-2
5.41299999999999937E9	7.68901659649483626E-2
5.41600000000000037E9	7.73502234266374966E-2
5.41899999999999959E9	7.78140707277330623E-2
5.42200000000000060E9	7.82817439885469479E-2
5.42499999999999982E9	7.87532797023728826E-2
5.42799999999999905E9	7.92287147392569224E-2
5.43100000000000005E9	7.97080863497934899E-2
5.43399999999999928E9	8.01914321689524634E-2
5.43700000000000028E9	8.06787902199297591E-2
5.43999999999999950E9	8.11701989180331296E-2
5.44299999999999962E9	8.16656970745875732E-2
5.44599999999999973E9	8.21653239008742808E-2
5.44899999999999984E9	8.26691190120924091E-2
5.45199999999999996E9	8.31771224313522772E-2
5.45500000000000007E9	8.36893745936894007E-2
5.45800000000000018E9	8.42059163501111740E-2
5.46100000000000030E9	8.47267889716652078E-2
5.46400000000000041E9	8.52520341535340442E-2
5.46700000000000053E9	8.57816940191552746E-2
5.47000000000000064E9	8.63158111243681248E-2
5.47299999999999986E9	8.68544284615815876E-2
5.47600000000000087E9	8.73975894639674777E-2
5.47900000000000009E9	8.79453380096786752E-2
5.48200000000000109E9	8.84977184260882765E-2
5.48500000000000032E9	8.90547754940497782E-2
5.48799999999999955E9	8.96165544521826440E-2
5.49100000000000055E9	9.01831010011757073E-2
5.49399999999999977E9	9.07544613081146423E-2
5.49700000000000077E9	9.13306820108241091E-2
5.50000000000000000E9	9.19118102222338429E-2
5.50299999999999923E9	9.24978935347599318E-2
5.50600000000000023E9	9.30889800247056876E-2
5.50899999999999945E9	9.36851182566775265E-2
5.51200000000000045E9	9.42863572880184186E-2
5.51499999999999968E9	9.48927466732557612E-2
5.51799999999999891E9	9.55043364685604423E-2
5.52099999999999991E9	9.61211772362237227E-2
5.52399999999999913E9	9.67433200491437262E-2
5.52700000000000014E9	9.73708164953221811E-2
5.52999999999999936E9	9.80037186823718010E-2
5.53299999999999947E9	9.86420792420303272E-2
5.53599999999999959E9	9.92859513346887468E-2
5.53899999999999970E9	9.99353886539154423E-2
5.54199999999999982E9	1.00590445430992848E-1
5.54499999999999993E9	1.01251176439454138E-1
5.54800000000000004E9	1.01917636999623684E-1
5.55100000000000016E9	1.02589882983156611E-1
5.55400000000000027E9	1.03267970817576615E-1
5.55700000000000038E9	1.03951957490813696E-1
5.56000000000000050E9	1.04641900555734990E-1
5.56299999999999972E9	1.05337858134671158E-1
5.56600000000000072E9	1.06039888923932324E-1
5.56899999999999995E9	1.06748052198318599E-1
5.57200000000000095E9	1.07462407815613470E-1
5.57500000000000018E9	1.08183016221069273E-1
5.57799999999999940E9	1.08909938451868404E-1
5.58100000000000041E9	1.09643236141577605E-1
5.58399999999999963E9	1.10382971524572437E-1
5.58700000000000063E9	1.11129207440440902E-1
5.58999999999999986E9	1.11882007338367928E-1
5.59299999999999908E9	1.12641435281487645E-1
5.59600000000000009E9	1.13407555951199046E-1
5.59899999999999931E9	1.14180434651464147E-1
5.60200000000000031E9	1.14960137313057742E-1
5.60499999999999954E9	1.15746730497780992E-1
5.60799999999999965E9	1.16540281402640433E-1
5.61099999999999977E9	1.17340857863972259E-1
5.61399999999999988E9	1.18148528361526939E-1
5.61699999999999999E9	1.18963362022497732E-1
5.62000000000000011E9	1.19785428625498880E-1
5.62299999999999933E9	1.20614798604484053E-1
5.62600000000000033E9	1.21451543052602151E-1
5.62899999999999956E9	1.22295733725988143E-1
5.63200000000000056E9	1.23147443047489569E-1
5.63499999999999979E9	1.24006744110311673E-1
5.63799999999999990E9	1.24873710681593320E-1
5.64100000000000001E9	1.25748417205898111E-1
5.64400000000000013E9	1.26630938808619065E-1
5.64700000000000024E9	1.27521351299293251E-1
5.65000000000000036E9	1.28419731174826990E-1
5.65299999999999958E9	1.29326155622613781E-1
5.65600000000000058E9	1.30240702523551133E-1
5.65899999999999981E9	1.31163450454951613E-1
5.66200000000000081E9	1.32094478693332129E-1
5.66500000000000004E9	1.33033867217089674E-1
5.66799999999999926E9	1.33981696709049647E-1
5.67100000000000026E9	1.34938048558878343E-1
5.67399999999999949E9	1.35903004865368904E-1
5.67700000000000049E9	1.36876648438571280E-1
5.67999999999999972E9	1.37859062801785193E-1
5.68299999999999983E9	1.38850332193389625E-1
5.68599999999999994E9	1.39850541568514308E-1
5.68900000000000006E9	1.40859776600539366E-1
5.69200000000000017E9	1.41878123682425028E-1
5.69500000000000028E9	1.42905669927850476E-1
5.69799999999999951E9	1.43942503172171188E-1
5.70100000000000051E9	1.44988711973173423E-1
5.70399999999999974E9	1.46044385611626071E-1
5.70700000000000074E9	1.47109614091619534E-1
5.70999999999999996E9	1.48184488140680415E-1
5.71299999999999919E9	1.49269099209667422E-1
5.71600000000000019E9	1.50363539472411434E-1
5.71899999999999942E9	1.51467901825131501E-1
5.72200000000000042E9	1.52582279885574135E-1
5.72499999999999964E9	1.53706767991905524E-1
5.72799999999999976E9	1.54841461201317898E-1
5.73099999999999987E9	1.55986455288358794E-1
5.73399999999999999E9	1.57141846742968405E-1
5.73700000000000010E9	1.58307732768204867E-1
5.74000000000000021E9	1.59484211277667765E-1
5.74299999999999944E9	1.60671380892588012E-1
5.74600000000000044E9	1.61869340938586848E-1
5.74899999999999967E9	1.63078191442088416E-1
5.75200000000000067E9	1.64298033126378140E-1
5.75499999999999989E9	1.65528967407282601E-1
5.75800000000000001E9	1.66771096388481999E-1
5.76100000000000012E9	1.68024522856416292E-1
5.76400000000000023E9	1.69289350274797301E-1
5.76700000000000035E9	1.70565682778698569E-1
5.77000000000000046E9	1.71853625168211854E-1
5.77299999999999969E9	1.73153282901662964E-1
5.77600000000000069E9	1.74464762088374159E-1
5.77899999999999991E9	1.75788169480943957E-1
5.78200000000000092E9	1.77123612467057701E-1
5.78500000000000014E9	1.78471199060783348E-1
5.78799999999999937E9	1.79831037893366275E-1
5.79100000000000037E9	1.81203238203490580E-1
5.79399999999999959E9	1.82587909826991246E-1
5.79700000000000060E9	1.83985163186020140E-1
5.79999999999999982E9	1.85395109277624148E-1
5.80299999999999905E9	1.86817859661744601E-1
5.80600000000000005E9	1.88253526448600850E-1
5.80899999999999928E9	1.89702222285455413E-1
5.81200000000000028E9	1.91164060342739250E-1
5.81499999999999950E9	1.92639154299518744E-1
5.81799999999999962E9	1.94127618328291640E-1
5.82099999999999973E9	1.95629567079086764E-1
5.82399999999999984E9	1.97145115662857173E-1
5.82699999999999996E9	1.98674379634147935E-1
5.83000000000000007E9	2.00217474973014076E-1
5.83300000000000018E9	2.01774518066177322E-1
5.83600000000000030E9	2.03345625687397780E-1
5.83900000000000041E9	2.04930914977048095E-1
5.84200000000000053E9	2.06530503420855505E-1
5.84500000000000064E9	2.08144508827822117E-1
5.84799999999999986E9	2.09773049307260884E-1
5.85100000000000087E9	2.11416243244975099E-1
5.85400000000000009E9	2.13074209278517435E-1
5.85700000000000109E9	2.14747066271543030E-1
5.86000000000000032E9	2.16434933287215259E-1
5.86299999999999955E9	2.18137929560647326E-1
5.86600000000000055E9	2.19856174470368382E-1
5.86899999999999977E9	2.21589787508782932E-1
5.87200000000000077E9	2.23338888251604084E-1
5.87500000000000000E9	2.25103596326247413E-1
5.87799999999999923E9	2.26884031379152251E-1
5.88100000000000023E9	2.28680313042020300E-1
5.88399999999999945E9	2.30492560896944054E-1
5.88700000000000045E9	2.32320894440405556E-1
5.88999999999999968E9	2.34165433046120963E-1
5.89299999999999891E9	2.36026295926717333E-1
5.89599999999999991E9	2.37903602094214417E-1
5.89899999999999913E9	2.39797470319291639E-1
5.90200000000000014E9	2.41708019089317494E-1
5.90499999999999936E9	2.43635366565125988E-1
5.90799999999999947E9	2.45579630536508065E-1
5.91099999999999959E9	2.47540928376419789E-1
5.91399999999999970E9	2.49519376993857867E-1
5.91699999999999982E9	2.51515092785400229E-1
5.91999999999999993E9	2.53528191585401430E-1
5.92300000000000004E9	2.55558788614787336E-1
5.92600000000000016E9	2.57606998428477230E-1
5.92900000000000027E9	2.59672934861371996E-1
5.93200000000000038E9	2.61756710972925122E-1
5.93500000000000050E9	2.63858438990249011E-1
5.93799999999999972E9	2.65978230249760239E-1
5.94100000000000072E9	2.68116195137341240E-1
5.94399999999999995E9	2.70272443026997111E-1
5.94700000000000095E9	2.72447082218001757E-1
5.95000000000000018E9	2.74640219870503977E-1
5.95299999999999940E9	2.76851961939608104E-1
5.95600000000000041E9	2.79082413107871119E-1
5.95899999999999963E9	2.81331676716260093E-1
5.96200000000000063E9	2.83599854693508746E-1
5.96499999999999986E9	2.85887047483890377E-1
5.96799999999999908E9	2.88193353973398825E-1
5.97100000000000009E9	2.90518871414313606E-1
5.97399999999999931E9	2.92863695348162478E-1
5.97700000000000031E9	2.95227919527055427E-1
5.97999999999999954E9	2.97611635833404220E-1
5.98299999999999965E9	3.00014934198022143E-1
5.98599999999999977E9	3.02437902516588464E-1
5.98899999999999988E9	3.04880626564501611E-1
5.99199999999999999E9	3.07343189910098946E-1
5.99500000000000011E9	3.09825673826266179E-1
5.99799999999999933E9	3.12328157200444378E-1
6.00100000000000033E9	3.14850716443017653E-1
6.00399999999999956E9	3.17393425394114992E-1
6.00700000000000056E9	3.19956355228844558E-1
6.00999999999999979E9	3.22539574360936276E-1
6.01299999999999990E9	3.25143148344861199E-1
6.01600000000000001E9	3.27767139776394378E-1
6.01900000000000013E9	3.30411608191697237E-1
6.02200000000000024E9	3.33076609964885373E-1
6.02500000000000036E9	3.35762198204159645E-1
6.02799999999999958E9	3.38468422646490197E-1
6.03100000000000058E9	3.41195329550918869E-1
6.03399999999999981E9	3.43942961590484364E-1
6.03700000000000081E9	3.46711357742832682E-1
6.04000000000000004E9	3.49500553179537032E-1
6.04299999999999926E9	3.52310579154175674E-1
6.04600000000000026E9	3.55141462889231097E-1
6.04899999999999949E9	3.57993227461825336E-1
6.05200000000000049E9	3.60865891688384099E-1
6.05499999999999972E9	3.63759470008270913E-1
6.05799999999999983E9	3.66673972366431222E-1
6.06099999999999994E9	3.69609404095164962E-1
6.06400000000000006E9	3.72565765795033865E-1
6.06700000000000017E9	3.75543053215019507E-1
6.07000000000000028E9	3.78541257131998865E-1
6.07299999999999951E9	3.81560363229601851E-1
6.07600000000000051E9	3.84600351976549737E-1
6.07899999999999974E9	3.87661198504567706E-1
6.08200000000000074E9	3.90742872485944837E-1
6.08499999999999996E9	3.93845338010859081E-1
6.08799999999999919E9	3.96968553464554441E-1
6.09100000000000019E9	4.00112471404482228E-1
6.09399999999999942E9	4.03277038437505819E-1
6.09700000000000042E9	4.06462195097306100E-1
6.09999999999999964E9	4.09667875722072505E-1
6.10299999999999976E9	4.12894008332645246E-1
6.10599999999999987E9	4.16140514511172022E-1
6.10899999999999999E9	4.19407309280503693E-1
6.11200000000000010E9	4.22694300984353433E-1
6.11500000000000021E9	4.26001391168460053E-1
6.11799999999999944E9	4.29328474462838194E-1
6.12100000000000044E9	4.32675438465279427E-1
6.12399999999999967E9	4.36042163626274082E-1
6.12700000000000067E9	4.39428523135487570E-1
6.12999999999999989E9	4.42834382809952842E-1
6.13300000000000001E9	4.46259600984183091E-1
6.13600000000000012E9	4.49704028402307543E-1
6.13900000000000023E9	4.53167508112461626E-1
6.14200000000000035E9	4.56649875363585256E-1
6.14500000000000046E9	4.60150957504789559E-1
6.14799999999999969E9	4.63670573887522952E-1
6.15100000000000069E9	4.67208535770672473E-1
6.15399999999999991E9	4.70764646228823658E-1
6.15700000000000092E9	4.74338700063852325E-1
6.16000000000000014E9	4.77930483720052557E-1
6.16299999999999937E9	4.81539775203002929E-1
6.16600000000000037E9	4.85166344002349348E-1
6.16899999999999959E9	4.88809951018721733E-1
6.17200000000000060E9	4.92470348494996379E-1
6.17499999999999982E9	4.96147279952078790E-1
6.17799999999999905E9	4.99840480129429476E-1
6.18100000000000005E9	5.03549674930555025E-1
6.18399999999999928E9	5.07274581373625466E-1
6.18700000000000028E9	5.11014907547470720E-1
6.18999999999999950E9	5.14770352573125312E-1
6.19299999999999962E9	5.18540606571153972E-1
6.19599999999999973E9	5.22325350634931418E-1
6.19899999999999984E9	5.26124256810112101E-1
6.20199999999999996E9	5.29936988080456661E-1
6.20500000000000007E9	5.33763198360231783E-1
6.20800000000000018E9	5.37602532493380991E-1
6.21100000000000030E9	5.41454626259624661E-1
6.21400000000000041E9	5.45319106387728425E-1
6.21700000000000053E9	5.49195590576069037E-1
6.22000000000000064E9	5.53083687520716705E-1
6.22299999999999986E9	5.56982996951173170E-1
6.22600000000000087E9	5.60893109673957291E-1
6.22900000000000009E9	5.64813607624186975E-1
6.23200000000000109E9	5.68744063925298970E-1
6.23500000000000032E9	5.72684042957086081E-1
6.23799999999999955E9	5.76633100432134693E-1
6.24100000000000055E9	5.80590783480864214E-1
6.24399999999999977E9	5.84556630745195349E-1
6.24700000000000077E9	5.88530172481071823E-1
6.25000000000000000E9	5.92510930669816460E-1
6.25299999999999923E9	5.96498419138500147E-1
6.25600000000000023E9	6.00492143689376956E-1
6.25899999999999945E9	6.04491602238410408E-1
6.26200000000000045E9	6.08496284963025325E-1
6.26499999999999968E9	6.12505674459051086E-1
6.26799999999999891E9	6.16519245906936053E-1
6.27099999999999991E9	6.20536467247228529E-1
6.27399999999999913E9	6.24556799365327908E-1
6.27700000000000014E9	6.28579696285502365E-1
6.27999999999999936E9	6.32604605374123796E-1
6.28299999999999947E9	6.36630967552124982E-1
6.28599999999999959E9	6.40658217516554451E-1
6.28899999999999970E9	6.44685783971237925E-1
6.29199999999999982E9	6.48713089866366754E-1
6.29499999999999993E9	6.52739552646999677E-1
6.29800000000000004E9	6.56764584510292515E-1
6.30100000000000016E9	6.60787592671337798E-1
6.30400000000000027E9	6.64807979637479196E-1
6.30700000000000038E9	6.68825143490902185E-1
6.31000000000000050E9	6.72838478179332000E-1
6.31299999999999972E9	6.76847373814631403E-1
6.31600000000000072E9	6.80851216979068941E-1
6.31899999999999995E9	6.84849391039038657E-1
6.32200000000000095E9	6.88841276465963492E-1
6.32500000000000018E9	6.92826251164110474E-1
6.32799999999999940E9	6.96803690805050735E-1
6.33100000000000041E9	7.00772969168429682E-1
6.33399999999999963E9	7.04733458488782460E-1
6.33700000000000063E9	7.08684529807997432E-1
6.33999999999999986E9	7.12625553333138395E-1
6.34299999999999908E9	7.16555898799214219E-1
6.34600000000000009E9	7.20474935836581754E-1
6.34899999999999931E9	7.24382034342527525E-1
6.35200000000000031E9	7.28276564856659192E-1
6.35499999999999954E9	7.32157898939722429E-1
6.35799999999999965E9	7.36025409555342058E-1
6.36099999999999977E9	7.39878471454353637E-1
6.36399999999999988E9	7.43716461561165332E-1
6.36699999999999999E9	7.47538759361798899E-1
6.37000000000000011E9	7.51344747293108739E-1
6.37299999999999933E9	7.55133811132662558E-1
6.37600000000000033E9	7.58905340388884131E-1
6.37899999999999956E9	7.62658728690944621E-1
6.38200000000000056E9	7.66393374177906406E-1
6.38499999999999979E9	7.70108679886613690E-1
6.38799999999999990E9	7.73804054137899744E-1
6.39100000000000001E9	7.77478910920549637E-1
6.39400000000000013E9	7.81132670272558283E-1
6.39700000000000024E9	7.84764758659200190E-1
6.40000000000000036E9	7.88374609347353150E-1
6.40300000000000047E9	7.91961662775689845E-1
6.40600000000000058E9	7.95525366920155008E-1
6.40900000000000070E9	7.99065177654292302E-1
6.41200000000000081E9	8.02580559103949298E-1
6.41500000000000092E9	8.06070983995874357E-1
6.41799999999999926E9	8.09535933999731405E-1
6.42100000000000115E9	8.12974900063134953E-1
6.42399999999999949E9	8.16387382739189604E-1
6.42700000000000138E9	8.19772892506171225E-1
6.42999999999999972E9	8.23130950078869894E-1
6.43299999999999983E9	8.26461086711234572E-1
6.43599999999999994E9	8.29762844489909490E-1
6.43900000000000006E9	8.33035776618277346E-1
6.44200000000000017E9	8.36279447690646371E-1
6.44500000000000028E9	8.39493433956257817E-1
6.44799999999999862E9	8.42677323572747561E-1
6.45100000000000051E9	8.45830716848782771E-1
6.45399999999999885E9	8.48953226475565437E-1
6.45700000000000074E9	8.52044477746906104E-1
6.45999999999999908E9	8.55104108767678106E-1
6.46299999999999919E9	8.58131770650329173E-1
6.46599999999999930E9	8.61127127699310613E-1
6.46899999999999942E9	8.64089857583171295E-1
6.47199999999999953E9	8.67019651494216248E-1
6.47499999999999964E9	8.69916214295483137E-1
6.47799999999999976E9	8.72779264654982256E-1
6.48099999999999987E9	8.75608535167060964E-1
6.48399999999999999E9	8.78403772460818466E-1
6.48700000000000010E9	8.81164737295494582E-1
6.49000000000000021E9	8.83891204642793404E-1
6.49299999999999944E9	8.86582963756110054E-1
6.49600000000000044E9	8.89239818226703704E-1
6.49899999999999967E9	8.91861586026785247E-1
6.50200000000000067E9	8.94448099539589947E-1
6.50499999999999989E9	8.96999205576507386E-1
6.50800000000000001E9	8.99514765381328729E-1
6.51100000000000012E9	9.01994654621744374E-1
6.51400000000000023E9	9.04438763368196774E-1
6.51700000000000035E9	9.06846996060230381E-1
6.52000000000000046E9	9.09219271460526457E-1
6.52299999999999880E9	9.11555522596784940E-1
6.52600000000000069E9	9.13855696691633668E-1
6.52899999999999903E9	9.16119755080833009E-1
6.53200000000000092E9	9.18347673119947316E-1
6.53499999999999925E9	9.20539440079771687E-1
6.53799999999999937E9	9.22695059030759523E-1
6.54099999999999948E9	9.24814546716721608E-1
6.54399999999999959E9	9.26897933418101516E-1
6.54699999999999971E9	9.28945262805113892E-1
6.54999999999999982E9	9.30956591781044374E-1
6.55299999999999994E9	9.32931990316088999E-1
6.55600000000000005E9	9.34871541271989770E-1
6.55900000000000016E9	9.36775340217861618E-1
6.56200000000000028E9	9.38643495237550951E-1
6.56500000000000039E9	9.40476126728862027E-1
6.56799999999999962E9	9.42273367195025457E-1
6.57100000000000062E9	9.44035361028791620E-1
6.57399999999999984E9	9.45762264289503207E-1
6.57700000000000085E9	9.47454244473518692E-1
6.58000000000000007E9	9.49111480278387631E-1
6.58300000000000018E9	9.50734161361140373E-1
6.58600000000000030E9	9.52322488091080288E-1
6.58900000000000041E9	9.53876671297475021E-1
6.59200000000000053E9	9.55396932012500777E-1
6.59500000000000064E9	9.56883501209830989E-1
6.59799999999999898E9	9.58336619539296564E-1
6.60100000000000087E9	9.59756537057883463E-1
6.60399999999999920E9	9.61143512957592883E-1
6.60700000000000109E9	9.62497815290379855E-1
6.60999999999999943E9	9.63819720690658777E-1
6.61299999999999955E9	9.65109514095657950E-1
6.61599999999999966E9	9.66367488464017832E-1
6.61899999999999977E9	9.67593944492966784E-1
6.62199999999999989E9	9.68789190334429939E-1
6.62500000000000000E9	9.69953541310377254E-1
6.62800000000000011E9	9.71087319627766377E-1
6.63100000000000023E9	9.72190854093404333E-1
6.63400000000000034E9	9.73264479828991469E-1
6.63700000000000045E9	9.74308537986720147E-1
6.64000000000000057E9	9.75323375465664455E-1
6.64299999999999891E9	9.76309344629256159E-1
6.64600000000000080E9	9.77266803024160780E-1
6.64899999999999913E9	9.78196113100755582E-1
6.65200000000000102E9	9.79097641935519292E-1
6.65499999999999936E9	9.79971760955546145E-1
6.65799999999999947E9	9.80818845665422501E-1
6.66099999999999959E9	9.81639275376709008E-1
6.66399999999999970E9	9.82433432940227647E-1
6.66699999999999982E9	9.83201704481329486E-1
6.66999999999999993E9	9.83944479138413897E-1
6.67299999999999915E9	9.84662148804788018E-1
6.67600000000000016E9	9.85355107874099190E-1
6.67899999999999938E9	9.86023752989486013E-1
6.68200000000000038E9	9.86668482796597424E-1
6.68499999999999961E9	9.87289697700608926E-1
6.68799999999999972E9	9.87887799627393903E-1
6.69099999999999984E9	9.88463191788950901E-1
6.69399999999999995E9	9.89016278453190623E-1
6.69700000000000006E9	9.89547464718207159E-1
6.70000000000000018E9	9.90057156291112861E-1
6.70300000000000029E9	9.90545759271504167E-1
6.70600000000000041E9	9.91013679939669245E-1
6.70900000000000052E9	9.91461324549564615E-1
6.71200000000000063E9	9.91889099126619378E-1
6.71500000000000075E9	9.92297409270452135E-1
6.71799999999999908E9	9.92686659962492612E-1
6.72100000000000097E9	9.93057255378563397E-1
6.72399999999999931E9	9.93409598706435126E-1
6.72700000000000120E9	9.93744091968388688E-1
6.72999999999999954E9	9.94061135848767030E-1
6.73299999999999965E9	9.94361129526533460E-1
6.73599999999999977E9	9.94644470512824164E-1
6.73899999999999988E9	9.94911554493510941E-1
6.74199999999999999E9	9.95162775176694758E-1
6.74500000000000011E9	9.95398524145176999E-1
6.74799999999999933E9	9.95619190713835778E-1
6.75100000000000033E9	9.95825161791876035E-1
6.75399999999999956E9	9.96016821749945080E-1
6.75700000000000056E9	9.96194552292021740E-1
6.75999999999999979E9	9.96358732332063646E-1
6.76299999999999990E9	9.96509737875372004E-1
6.76600000000000001E9	9.96647941904567602E-1
6.76900000000000013E9	9.96773714270147870E-1
6.77200000000000024E9	9.96887421585594247E-1
6.77500000000000036E9	9.96989427126883143E-1
6.77800000000000047E9	9.97080090736413638E-1
6.78100000000000058E9	9.97159768731203933E-1
6.78400000000000070E9	9.97228813815354798E-1
6.78700000000000081E9	9.97287574996636828E-1
6.79000000000000092E9	9.97336397507165628E-1
6.79299999999999926E9	9.97375622728060840E-1
6.79600000000000115E9	9.97405588118010122E-1
6.79899999999999949E9	9.97426627145678601E-1
6.80200000000000138E9	9.97439069225810471E-1
6.80499999999999972E9	9.97443239659031100E-1
6.80799999999999983E9	9.97439459575176279E-1
6.81099999999999994E9	9.97428045880098857E-1
6.81400000000000006E9	9.97409311205879945E-1
6.81700000000000017E9	9.97383563864314304E-1
6.82000000000000028E9	9.97351107803597081E-1
6.82299999999999862E9	9.97312242568143859E-1
6.82600000000000051E9	9.97267263261422698E-1
6.82899999999999885E9	9.97216460511716640E-1
6.83200000000000074E9	9.97160120440743292E-1
6.83499999999999908E9	9.97098524635020311E-1
6.83799999999999919E9	9.97031950119904131E-1
6.84099999999999930E9	9.96960669336198180E-1
6.84399999999999942E9	9.96884950119273228E-1
6.84699999999999953E9	9.96805055680568053E-1
6.84999999999999964E9	9.96721244591426725E-1
6.85299999999999976E9	9.96633770769163085E-1
6.85599999999999987E9	9.96542883465291141E-1
6.85899999999999999E9	9.96448827255799330E-1
6.86200000000000010E9	9.96351842033440249E-1
6.86500000000000021E9	9.96252163001908642E-1
6.86799999999999944E9	9.96150020671858805E-1
6.87100000000000044E9	9.96045640858674908E-1
6.87399999999999967E9	9.95939244681914992E-1
6.87700000000000067E9	9.95831048566354937E-1
6.87999999999999989E9	9.95721264244560800E-1
6.88300000000000001E9	9.95610098760937312E-1
6.88600000000000012E9	9.95497754477140262E-1
6.88900000000000023E9	9.95384429078809596E-1
6.89200000000000035E9	9.95270315583585941E-1
6.89500000000000046E9	9.95155602350281931E-1
6.89799999999999880E9	9.95040473089189170E-1
6.90100000000000069E9	9.94925106873463427E-1
6.90399999999999903E9	9.94809678151489152E-1
6.90700000000000092E9	9.94694356760205523E-1
6.90999999999999925E9	9.94579307939322632E-1
6.91299999999999937E9	9.94464692346351420E-1
6.91599999999999948E9	9.94350666072443445E-1
6.91899999999999959E9	9.94237380658940495E-1
6.92199999999999971E9	9.94124983114600802E-1
6.92499999999999982E9	9.94013615933471328E-1
6.92799999999999994E9	9.93903417113329546E-1
6.93100000000000005E9	9.93794520174679974E-1
6.93400000000000016E9	9.93687054180234774E-1
6.93700000000000028E9	9.93581143754852114E-1
6.94000000000000039E9	9.93476909105899431E-1
6.94299999999999962E9	9.93374466043976412E-1
6.94600000000000062E9	9.93273926004004970E-1
6.94899999999999984E9	9.93175396066587624E-1
6.95200000000000085E9	9.93078978979687221E-1
6.95500000000000007E9	9.92984773180489810E-1
6.95800000000000018E9	9.92892872817527561E-1
6.96100000000000030E9	9.92803367772963341E-1
6.96400000000000041E9	9.92716343685017044E-1
6.96700000000000053E9	9.92631881970540420E-1
6.97000000000000064E9	9.92550059847698840E-1
6.97299999999999898E9	9.92470950358697834E-1
6.97600000000000087E9	9.92394622392627568E-1
6.97899999999999920E9	9.92321140708295779E-1
6.98200000000000109E9	9.92250565957101038E-1
6.98499999999999943E9	9.92182954705930342E-1
6.98799999999999955E9	9.92118359460008037E-1
6.99099999999999966E9	9.92056828685747583E-1
6.99399999999999977E9	9.91998406833546120E-1
6.99699999999999989E9	9.91943134360542089E-1
7.00000000000000000E9	9.91891047753297883E-1
7.00300000000000011E9	9.91842179550420511E-1
7.00600000000000023E9	9.91796558365098058E-1
7.00900000000000034E9	9.91754208907548751E-1
7.01200000000000045E9	9.91715152007372325E-1
7.01500000000000057E9	9.91679404635829442E-1
7.01799999999999891E9	9.91646979927970662E-1
7.02100000000000080E9	9.91617887204723836E-1
7.02399999999999913E9	9.91592131994819148E-1
7.02700000000000102E9	9.91569716056643813E-1
7.02999999999999936E9	9.91550637399983792E-1
7.03299999999999947E9	9.91534890307652717E-1
7.03599999999999959E9	9.91522465357038563E-1
7.03899999999999970E9	9.91513349441539305E-1
7.04199999999999982E9	9.91507525791909217E-1
7.04499999999999993E9	9.91504973997513339E-1
7.04799999999999915E9	9.91505670027535047E-1
7.05100000000000016E9	9.91509586252053943E-1
7.05399999999999938E9	9.91516691463114341E-1
7.05700000000000038E9	9.91526950895701553E-1
7.05999999999999961E9	9.91540326248697390E-1
7.06299999999999972E9	9.91556775705791260E-1
7.06599999999999984E9	9.91576253956359110E-1
7.06899999999999995E9	9.91598712216354805E-1
7.07200000000000006E9	9.91624098249186758E-1
7.07500000000000018E9	9.91652356386616951E-1
7.07800000000000029E9	9.91683427549698848E-1
7.08100000000000041E9	9.91717249269744450E-1
7.08400000000000052E9	9.91753755709375895E-1
7.08700000000000063E9	9.91792877683644392E-1
7.09000000000000075E9	9.91834542681244535E-1
7.09299999999999908E9	9.91878674885851730E-1
7.09600000000000097E9	9.91925195197586440E-1
7.09899999999999931E9	9.91974021254640093E-1
7.10200000000000120E9	9.92025067455062270E-1
7.10499999999999954E9	9.92078244978740997E-1
7.10799999999999965E9	9.92133461809615547E-1
7.11099999999999977E9	9.92190622758094065E-1
7.11399999999999988E9	9.92249629483751860E-1
7.11699999999999999E9	9.92310380518300938E-1
7.12000000000000011E9	9.92372771288850331E-1
7.12299999999999933E9	9.92436694141507481E-1
7.12600000000000033E9	9.92502038365307726E-1
7.12899999999999956E9	9.92568690216544169E-1
7.13200000000000056E9	9.92636532943453531E-1
7.13499999999999979E9	9.92705446811357106E-1
7.13799999999999990E9	9.92775309128219874E-1
7.14100000000000001E9	9.92845994270703791E-1
7.14400000000000013E9	9.92917373710684714E-1
7.14700000000000024E9	9.92989316042310399E-1
7.15000000000000036E9	9.93061687009604555E-1
7.15300000000000047E9	9.93134349534626359E-1
7.15600000000000058E9	9.93207163746228261E-1
7.15900000000000070E9	9.93279987009455922E-1
7.16200000000000081E9	9.93352673955569010E-1
7.16500000000000092E9	9.93425076512751382E-1
7.16799999999999926E9	9.93497043937516011E-1
7.17100000000000115E9	9.93568422846827204E-1
7.17399999999999949E9	9.93639057250991087E-1
7.17700000000000138E9	9.93708788587310110E-1
7.17999999999999972E9	9.93777455754533889E-1
7.18299999999999983E9	9.93844895148150975E-1
7.18599999999999994E9	9.93910940696524747E-1
7.18900000000000006E9	9.93975423897899724E-1
7.19200000000000017E9	9.94038173858323226E-1
7.19500000000000028E9	9.94099017330476187E-1
7.19799999999999862E9	9.94157778753468158E-1
7.20100000000000051E9	9.94214280293589248E-1
7.20399999999999885E9	9.94268341886067653E-1
7.20700000000000074E9	9.94319781277839532E-1
7.20999999999999908E9	9.94368414071352724E-1
7.21299999999999919E9	9.94414053769446227E-1
7.21599999999999930E9	9.94456511821291045E-1
7.21899999999999942E9	9.94495597669448017E-1
7.22199999999999953E9	9.94531118798026093E-1
7.22499999999999964E9	9.94562880782006076E-1
7.22799999999999976E9	9.94590687337682766E-1
7.23099999999999987E9	9.94614340374324613E-1
7.23399999999999999E9	9.94633640046971479E-1
7.23700000000000010E9	9.94648384810484565E-1
7.24000000000000021E9	9.94658371474775826E-1
7.24299999999999944E9	9.94663395261286887E-1
7.24600000000000044E9	9.94663249860694343E-1
7.24899999999999967E9	9.94657727491900090E-1
7.25200000000000067E9	9.94646618962231521E-1
7.25499999999999989E9	9.94629713728964227E-1
7.25800000000000001E9	9.94606799962086541E-1
7.26100000000000012E9	9.94577664608366163E-1
7.26400000000000023E9	9.94542093456686338E-1
7.26700000000000035E9	9.94499871204706487E-1
7.27000000000000046E9	9.94450781526758654E-1
7.27299999999999880E9	9.94394607143096287E-1
7.27600000000000069E9	9.94331129890396248E-1
7.27899999999999903E9	9.94260130793555241E-1
7.28200000000000092E9	9.94181390138776955E-1
7.28499999999999925E9	9.94094687547930000E-1
7.28799999999999937E9	9.93999802054170445E-1
7.29099999999999948E9	9.93896512178834612E-1
7.29399999999999959E9	9.93784596009570720E-1
7.29699999999999971E9	9.93663831279704368E-1
7.29999999999999982E9	9.93533995448827589E-1
7.30299999999999994E9	9.93394865784590131E-1
7.30600000000000005E9	9.93246219445670953E-1
7.30900000000000016E9	9.93087833565913769E-1
7.31200000000000028E9	9.92919485339600350E-1
7.31500000000000039E9	9.92740952107852515E-1
7.31799999999999962E9	9.92552011446099414E-1
7.32100000000000062E9	9.92352441252631579E-1
7.32399999999999984E9	9.92142019838158973E-1
7.32700000000000085E9	9.91920526016392046E-1
7.33000000000000007E9	9.91687739195572959E-1
7.33300000000000018E9	9.91443439470919685E-1
7.33600000000000030E9	9.91187407717982794E-1
7.33900000000000041E9	9.90919425686844590E-1
7.34200000000000053E9	9.90639276097095589E-1
7.34500000000000064E9	9.90346742733603769E-1
7.34799999999999898E9	9.90041610542982653E-1
7.35100000000000087E9	9.89723665730717173E-1
7.35399999999999920E9	9.89392695858908056E-1
7.35700000000000109E9	9.89048489944582165E-1
7.35999999999999943E9	9.88690838558496488E-1
7.36299999999999955E9	9.88319533924404325E-1
7.36599999999999966E9	9.87934370018687247E-1
7.36899999999999977E9	9.87535142670352251E-1
7.37199999999999989E9	9.87121649661265188E-1
7.37500000000000000E9	9.86693690826610137E-1
7.37800000000000011E9	9.86251068155462463E-1
7.38100000000000023E9	9.85793585891454249E-1
7.38400000000000034E9	9.85321050633437423E-1
7.38700000000000045E9	9.84833271436067292E-1
7.39000000000000057E9	9.84330059910244515E-1
7.39299999999999891E9	9.83811230323356511E-1
7.39600000000000080E9	9.83276599699226139E-1
7.39899999999999913E9	9.82725987917680044E-1
7.40200000000000102E9	9.82159217813678254E-1
7.40499999999999936E9	9.81576115275946393E-1
7.40799999999999947E9	9.80976509344964320E-1
7.41099999999999959E9	9.80360232310314039E-1
7.41399999999999970E9	9.79727119807235169E-1
7.41699999999999982E9	9.79077010912359569E-1
7.41999999999999993E9	9.78409748238476951E-1
7.42299999999999915E9	9.77725178028358144E-1
7.42600000000000016E9	9.77023150247415728E-1
7.42899999999999938E9	9.76303518675206661E-1
7.43200000000000038E9	9.75566140995704778E-1
7.43499999999999961E9	9.74810878886175658E-1
7.43799999999999972E9	9.74037598104649049E-1
7.44099999999999984E9	9.73246168575870740E-1
7.44399999999999995E9	9.72436464475646289E-1
7.44700000000000006E9	9.71608364313511608E-1
7.45000000000000018E9	9.70761751013617413E-1
7.45300000000000029E9	9.69896511993789190E-1
7.45600000000000041E9	9.69012539242635107E-1
7.45900000000000052E9	9.68109729394642393E-1
7.46200000000000063E9	9.67187983803206386E-1
7.46500000000000075E9	9.66247208611442332E-1
7.46799999999999908E9	9.65287314820797349E-1
7.47100000000000097E9	9.64308218357278868E-1
7.47399999999999931E9	9.63309840135368489E-1
7.47700000000000120E9	9.62292106119361712E-1
7.47999999999999954E9	9.61254947382244040E-1
7.48299999999999965E9	9.60198300161910012E-1
7.48599999999999977E9	9.59122105914708456E-1
7.48899999999999988E9	9.58026311366261574E-1
7.49199999999999999E9	9.56910868559442385E-1
7.49500000000000011E9	9.55775734899512486E-1
7.49799999999999933E9	9.54620873196296849E-1
7.50100000000000033E9	9.53446251703423542E-1
7.50399999999999956E9	9.52251844154474547E-1
7.50700000000000056E9	9.51037629796091366E-1
7.50999999999999979E9	9.49803593417905745E-1
7.51299999999999990E9	9.48549725379345787E-1
7.51600000000000001E9	9.47276021633161847E-1
7.51900000000000013E9	9.45982483745754266E-1
7.52200000000000024E9	9.44669118914153572E-1
7.52500000000000036E9	9.43335939979730398E-1
7.52800000000000047E9	9.41982965438505460E-1
7.53100000000000058E9	9.40610219448126195E-1
7.53400000000000070E9	9.39217731831407576E-1
7.53700000000000081E9	9.37805538076495893E-1
7.54000000000000092E9	9.36373679333579823E-1
7.54299999999999926E9	9.34922202408172076E-1
7.54600000000000115E9	9.33451159750941173E-1
7.54899999999999949E9	9.31960609444112542E-1
7.55200000000000138E9	9.30450615184393115E-1
7.55499999999999972E9	9.28921246262495259E-1
7.55799999999999983E9	9.27372577539178522E-1
7.56099999999999994E9	9.25804689417936721E-1
7.56400000000000006E9	9.24217667814197164E-1
7.56700000000000017E9	9.22611604121221518E-1
7.57000000000000028E9	9.20986595172576727E-1
7.57299999999999862E9	9.19342743201316104E-1
7.57600000000000051E9	9.17680155795844321E-1
7.57899999999999885E9	9.15998945852509117E-1
7.58200000000000074E9	9.14299231524958067E-1
7.58499999999999908E9	9.12581136170338603E-1
7.58799999999999919E9	9.10844788292321539E-1
7.59099999999999930E9	9.09090321481044406E-1
7.59399999999999942E9	9.07317874350014009E-1
7.59699999999999953E9	9.05527590470022226E-1
7.59999999999999964E9	9.03719618300133831E-1
7.60299999999999976E9	9.01894111115807107E-1
7.60599999999999987E9	9.00051226934197324E-1
7.60899999999999999E9	8.98191128436767450E-1
7.61200000000000010E9	8.96313982889190441E-1
7.61500000000000021E9	8.94419962058676177E-1
7.61799999999999944E9	8.92509242128796743E-1
7.62100000000000044E9	8.90582003611858752E-1
7.62399999999999967E9	8.88638431258916484E-1
7.62700000000000067E9	8.86678713967524068E-1
7.62999999999999989E9	8.84703044687288020E-1
7.63300000000000001E9	8.82711620323314783E-1
7.63600000000000012E9	8.80704641637661290E-1
7.63900000000000023E9	8.78682313148837224E-1
7.64200000000000035E9	8.76644843029481891E-1
7.64500000000000046E9	8.74592443002321751E-1
7.64799999999999880E9	8.72525328234453390E-1
7.65100000000000069E9	8.70443717230092595E-1
7.65399999999999903E9	8.68347831721873398E-1
7.65700000000000092E9	8.66237896560777010E-1
7.65999999999999925E9	8.64114139604817488E-1
7.66299999999999937E9	8.61976791606569215E-1
7.66599999999999948E9	8.59826086099618081E-1
7.66899999999999959E9	8.57662259284069961E-1
7.67199999999999971E9	8.55485549911186105E-1
7.67499999999999982E9	8.53296199167265002E-1
7.67799999999999994E9	8.51094450556849225E-1
7.68100000000000005E9	8.48880549785396354E-1
7.68400000000000016E9	8.46654744641440615E-1
7.68700000000000028E9	8.44417284878432817E-1
7.69000000000000039E9	8.42168422096280267E-1
7.69299999999999962E9	8.39908409622722907E-1
7.69600000000000062E9	8.37637502394638922E-1
7.69899999999999984E9	8.35355956839346803E-1
7.70200000000000085E9	8.33064030756041518E-1
7.70500000000000007E9	8.30761983197414011E-1
7.70800000000000018E9	8.28450074351570365E-1
7.71100000000000030E9	8.26128565424334305E-1
7.71400000000000041E9	8.23797718522008893E-1
7.71700000000000053E9	8.21457796534702922E-1
7.72000000000000064E9	8.19109063020292005E-1
7.72299999999999898E9	8.16751782089094647E-1
7.72600000000000087E9	8.14386218289363129E-1
7.72899999999999920E9	8.12012636493627227E-1
7.73200000000000109E9	8.09631301786016522E-1
7.73499999999999943E9	8.07242479350609976E-1
7.73799999999999955E9	8.04846434360855945E-1
7.74099999999999966E9	8.02443431870204549E-1
7.74399999999999977E9	8.00033736703930920E-1
7.74699999999999989E9	7.97617613352287425E-1
7.75000000000000000E9	7.95195325865014802E-1
7.75300000000000011E9	7.92767137747251915E-1
7.75600000000000023E9	7.90333311856948129E-1
7.75900000000000034E9	7.87894110303805562E-1
7.76200000000000045E9	7.85449794349773356E-1
7.76500000000000057E9	7.83000624311221927E-1
7.76799999999999891E9	7.80546859462758391E-1
7.77100000000000080E9	7.78088757942776521E-1
7.77399999999999913E9	7.75626576660789802E-1
7.77700000000000102E9	7.73160571206525304E-1
7.77999999999999936E9	7.70690995760899433E-1
7.78299999999999947E9	7.68218103008835751E-1
7.78599999999999959E9	7.65742144053999763E-1
7.78899999999999970E9	7.63263368335458026E-1
7.79199999999999982E9	7.60782023546303776E-1
7.79499999999999993E9	7.58298355554238590E-1
7.79799999999999915E9	7.55812608324182200E-1
7.80100000000000016E9	7.53325023842880359E-1
7.80399999999999938E9	7.50835842045546364E-1
7.80700000000000038E9	7.48345300744564490E-1
7.80999999999999961E9	7.45853635560233919E-1
7.81299999999999972E9	7.43361079853582574E-1
7.81599999999999984E9	7.40867864661249786E-1
7.81899999999999995E9	7.38374218632463108E-1
7.82200000000000006E9	7.35880367968051807E-1
7.82500000000000018E9	7.33386536361589680E-1
7.82800000000000029E9	7.30892944942556966E-1
7.83100000000000041E9	7.28399812221619136E-1
7.83400000000000052E9	7.25907354037929142E-1
7.83700000000000063E9	7.23415783508514920E-1
7.84000000000000075E9	7.20925310979691591E-1
7.84299999999999908E9	7.18436143980507946E-1
7.84600000000000097E9	7.15948487178220550E-1
7.84899999999999931E9	7.13462542335757544E-1
7.85200000000000120E9	7.10978508271179610E-1
7.85499999999999954E9	7.08496580819090660E-1
7.85799999999999965E9	7.06016952794013353E-1
7.86099999999999977E9	7.03539813955686189E-1
7.86399999999999988E9	7.01065350976235901E-1
7.86699999999999999E9	6.98593747409284571E-1
7.87000000000000011E9	6.96125183660838154E-1
7.87299999999999933E9	6.93659836962057774E-1
7.87600000000000033E9	6.91197881343811638E-1
7.87899999999999956E9	6.88739487612980739E-1
7.88200000000000056E9	6.86284823330528404E-1
7.88499999999999979E9	6.83834052791266966E-1
7.88799999999999990E9	6.81387337005308069E-1
7.89100000000000001E9	6.78944833681162940E-1
7.89400000000000013E9	6.76506697210446095E-1
7.89700000000000024E9	6.74073078654172519E-1
7.90000000000000036E9	6.71644125730600372E-1
7.90300000000000047E9	6.69219982804584301E-1
7.90600000000000058E9	6.66800790878396299E-1
7.90900000000000070E9	6.64386687584026081E-1
7.91200000000000081E9	6.61977807176838962E-1
7.91500000000000092E9	6.59574280530660051E-1
7.91799999999999926E9	6.57176235134143116E-1
7.92100000000000115E9	6.54783795088484588E-1
7.92399999999999949E9	6.52397081106375953E-1
7.92700000000000138E9	6.50016210512189119E-1
7.92999999999999972E9	6.47641297243363390E-1
7.93299999999999983E9	6.45272451852935713E-1
7.93599999999999994E9	6.42909781513200773E-1
7.93900000000000006E9	6.40553390020449331E-1
7.94200000000000017E9	6.38203377800754978E-1
7.94500000000000028E9	6.35859841916778912E-1
7.94799999999999862E9	6.33522876075542385E-1
7.95100000000000051E9	6.31192570637150219E-1
7.95399999999999885E9	6.28869012624416790E-1
7.95700000000000074E9	6.26552285733360392E-1
7.95999999999999908E9	6.24242470344555844E-1
7.96299999999999919E9	6.21939643535263986E-1
7.96599999999999930E9	6.19643879092357430E-1
7.96899999999999942E9	6.17355247525969286E-1
7.97199999999999953E9	6.15073816083868596E-1
7.97499999999999964E9	6.12799648766490357E-1
7.97799999999999976E9	6.10532806342624745E-1
7.98099999999999987E9	6.08273346365718837E-1
7.98399999999999999E9	6.06021323190762740E-1
7.98700000000000010E9	6.03776787991729869E-1
7.99000000000000021E9	6.01539788779543905E-1
7.99299999999999944E9	5.99310370420558058E-1
7.99600000000000044E9	5.97088574655490145E-1
7.99899999999999967E9	5.94874440118816494E-1
8.00200000000000067E9	5.92668002358586055E-1
8.00499999999999901E9	5.90469293856621036E-1
8.00799999999999912E9	5.88278344049108881E-1
8.01099999999999923E9	5.86095179347528639E-1
8.01399999999999935E9	5.83919823159913420E-1
8.01699999999999946E9	5.81752295912406225E-1
8.01999999999999957E9	5.79592615071125383E-1
8.02299999999999969E9	5.77440795164264475E-1
8.02599999999999980E9	5.75296847804469635E-1
8.02899999999999991E9	5.73160781711421841E-1
8.03200000000000003E9	5.71032602734640715E-1
8.03500000000000014E9	5.68912313876481246E-1
8.03800000000000026E9	5.66799915315315683E-1
8.04100000000000037E9	5.64695404428869629E-1
8.04400000000000048E9	5.62598775817717911E-1
8.04700000000000060E9	5.60510021328917052E-1
8.05000000000000071E9	5.58429130079762359E-1
8.05300000000000082E9	5.56356088481666156E-1
8.05600000000000094E9	5.54290880264128027E-1
8.05900000000000105E9	5.52233486498829773E-1
8.06200000000000117E9	5.50183885623778846E-1
8.06500000000000128E9	5.48142053467584134E-1
8.06799999999999962E9	5.46107963273750574E-1
8.07100000000000151E9	5.44081585725091976E-1
8.07399999999999984E9	5.42062888968178846E-1
8.07700000000000173E9	5.40051838637861970E-1
8.08000000000000007E9	5.38048397881857632E-1
8.08300000000000018E9	5.36052527385377608E-1
8.08600000000000030E9	5.34064185395830560E-1
8.08900000000000041E9	5.32083327747568902E-1
8.09200000000000053E9	5.30109907886706999E-1
8.09500000000000064E9	5.28143876895988651E-1
8.09799999999999898E9	5.26185183519726429E-1
8.10100000000000087E9	5.24233774188808077E-1
8.10399999999999920E9	5.22289593045761436E-1
8.10700000000000109E9	5.20352581969925865E-1
8.10999999999999943E9	5.18422680602685659E-1
8.11299999999999955E9	5.16499826372801873E-1
8.11599999999999966E9	5.14583954521846643E-1
8.11899999999999977E9	5.12674998129757853E-1
8.12199999999999989E9	5.10772888140493997E-1
8.12500000000000000E9	5.08877553387840287E-1
8.12800000000000011E9	5.06988920621352612E-1
8.13100000000000023E9	5.05106914532454887E-1
8.13400000000000034E9	5.03231457780708169E-1
8.13700000000000045E9	5.01362471020274114E-1
8.14000000000000057E9	4.99499872926567079E-1
8.14299999999999891E9	4.97643580223131643E-1
8.14600000000000080E9	4.95793507708751058E-1
8.14899999999999913E9	4.93949568284808471E-1
8.15200000000000102E9	4.92111672982921533E-1
8.15499999999999936E9	4.90279730992858820E-1
8.15799999999999947E9	4.88453649690776803E-1
8.16099999999999959E9	4.86633334667780737E-1
8.16399999999999970E9	4.84818689758846944E-1
8.16699999999999982E9	4.83009617072103392E-1
8.16999999999999993E9	4.81206017018527632E-1
8.17299999999999827E9	4.79407788342053376E-1
8.17600000000000016E9	4.77614828150133164E-1
8.17899999999999849E9	4.75827031944755685E-1
8.18200000000000038E9	4.74044293653975579E-1
8.18499999999999872E9	4.72266505663957670E-1
8.18799999999999883E9	4.70493558851569382E-1
8.19099999999999895E9	4.68725342617550922E-1
8.19399999999999906E9	4.66961744920284261E-1
8.19699999999999918E9	4.65202652310198683E-1
8.19999999999999929E9	4.63447949964825323E-1
8.20299999999999940E9	4.61697521724553273E-1
8.20599999999999952E9	4.59951250129082023E-1
8.20899999999999963E9	4.58209016454639073E-1
8.21199999999999974E9	4.56470700751957992E-1
8.21499999999999986E9	4.54736181885062418E-1
8.21799999999999997E9	4.53005337570886102E-1
8.22100000000000009E9	4.51278044419751811E-1
8.22400000000000020E9	4.49554177976746416E-1
8.22700000000000031E9	4.47833612764007416E-1
8.23000000000000043E9	4.46116222323969946E-1
8.23300000000000054E9	4.44401879263595401E-1
8.23600000000000065E9	4.42690455299586816E-1
8.23900000000000077E9	4.40981821304667854E-1
8.24200000000000088E9	4.39275847354908766E-1
8.24500000000000099E9	4.37572402778152458E-1
8.24799999999999933E9	4.35871356203551841E-1
8.25100000000000122E9	4.34172575612258438E-1
8.25399999999999956E9	4.32475928389278685E-1
8.25700000000000145E9	4.30781281376530245E-1
8.25999999999999979E9	4.29088500927107130E-1
8.26299999999999990E9	4.27397452960793256E-1
8.26600000000000001E9	4.25708003020846792E-1
8.26900000000000013E9	4.24020016332048755E-1
8.27200000000000024E9	4.22333357860074621E-1
8.27500000000000036E9	4.20647892372173882E-1
8.27800000000000047E9	4.18963484499192340E-1
8.28100000000000058E9	4.17279998798941421E-1
8.28400000000000070E9	4.15597299820941579E-1
8.28700000000000081E9	4.13915252172526404E-1
8.29000000000000092E9	4.12233720586342312E-1
8.29299999999999926E9	4.10552569989236815E-1
8.29600000000000115E9	4.08871665572540977E-1
8.29899999999999949E9	4.07190872863751530E-1
8.30200000000000138E9	4.05510057799613843E-1
8.30499999999999972E9	4.03829086800599768E-1
8.30799999999999983E9	4.02147826846772105E-1
8.31099999999999994E9	4.00466145555039432E-1
8.31400000000000006E9	3.98783911257779522E-1
8.31700000000000017E9	3.97100993082818121E-1
8.32000000000000028E9	3.95417261034758827E-1
8.32299999999999862E9	3.93732586077618008E-1
8.32600000000000051E9	3.92046840218775827E-1
8.32899999999999885E9	3.90359896594178490E-1
8.33200000000000074E9	3.88671629554795128E-1
8.33499999999999908E9	3.86981914754272882E-1
8.33799999999999919E9	3.85290629237753812E-1
8.34099999999999930E9	3.83597651531829786E-1
8.34399999999999942E9	3.81902861735560784E-1
8.34699999999999953E9	3.80206141612527393E-1
8.34999999999999964E9	3.78507374683861464E-1
8.35299999999999976E9	3.76806446322180699E-1
8.35599999999999987E9	3.75103243846387979E-1
8.35899999999999999E9	3.73397656617243001E-1
8.36200000000000010E9	3.71689576133653388E-1
8.36500000000000021E9	3.69978896129601953E-1
8.36799999999999855E9	3.68265512671625572E-1
8.37100000000000044E9	3.66549324256769671E-1
8.37399999999999878E9	3.64830231910918856E-1
8.37700000000000067E9	3.63108139287416032E-1
8.37999999999999901E9	3.61382952765866605E-1
8.38299999999999912E9	3.59654581551029384E-1
8.38599999999999923E9	3.57922937771682292E-1
8.38899999999999935E9	3.56187936579349174E-1
8.39199999999999946E9	3.54449496246780704E-1
8.39499999999999957E9	3.52707538266053078E-1
8.39799999999999969E9	3.50961987446173973E-1
8.40099999999999980E9	3.49212772010058181E-1
8.40399999999999991E9	3.47459823690746950E-1
8.40700000000000003E9	3.45703077826717298E-1
8.41000000000000014E9	3.43942473456174502E-1
8.41300000000000026E9	3.42177953410143720E-1
8.41600000000000037E9	3.40409464404240625E-1
8.41900000000000048E9	3.38636957128965488E-1
8.42200000000000060E9	3.36860386338362705E-1
8.42500000000000071E9	3.35079710936892905E-1
8.42800000000000082E9	3.33294894064364922E-1
8.43100000000000094E9	3.31505903178757011E-1
8.43400000000000105E9	3.29712710136781384E-1
8.43700000000000117E9	3.27915291272013976E-1
8.44000000000000128E9	3.26113627470434242E-1
8.44299999999999962E9	3.24307704243213824E-1
8.44600000000000151E9	3.22497511796581282E-1
8.44899999999999984E9	3.20683045098596686E-1
8.45200000000000173E9	3.18864303942695537E-1
8.45500000000000007E9	3.17041293007799752E-1
8.45800000000000018E9	3.15214021914871267E-1
8.46100000000000030E9	3.13382505279724555E-1
8.46400000000000041E9	3.11546762761956098E-1
8.46700000000000053E9	3.09706819109815745E-1
8.47000000000000064E9	3.07862704200898163E-1
8.47299999999999898E9	3.06014453078474524E-1
8.47600000000000087E9	3.04162105983339082E-1
8.47899999999999920E9	3.02305708381033478E-1
8.48200000000000109E9	3.00445310984296299E-1
8.48499999999999943E9	2.98580969770630489E-1
8.48799999999999955E9	2.96712745994847493E-1
8.49099999999999966E9	2.94840706196485058E-1
8.49399999999999977E9	2.92964922201983935E-1
8.49699999999999989E9	2.91085471121518280E-1
8.50000000000000000E9	2.89202435340389297E-1
8.50300000000000011E9	2.87315902504898180E-1
8.50600000000000023E9	2.85425965502614742E-1
8.50900000000000034E9	2.83532722436979467E-1
8.51200000000000045E9	2.81636276596180002E-1
8.51500000000000057E9	2.79736736416245746E-1
8.51799999999999891E9	2.77834215438332821E-1
8.52100000000000080E9	2.75928832260166157E-1
8.52399999999999913E9	2.74020710481618757E-1
8.52700000000000102E9	2.72109978644427697E-1
8.52999999999999936E9	2.70196770166049527E-1
8.53299999999999947E9	2.68281223267668345E-1
8.53599999999999959E9	2.66363480896397986E-1
8.53899999999999970E9	2.64443690641697993E-1
8.54199999999999982E9	2.62522004646077178E-1
8.54499999999999993E9	2.60598579510129547E-1
8.54799999999999827E9	2.58673576192005639E-1
8.55100000000000016E9	2.56747159901371091E-1
8.55399999999999849E9	2.54819499987988918E-1
8.55700000000000038E9	2.52890769825018635E-1
8.55999999999999872E9	2.50961146687156234E-1
8.56299999999999883E9	2.49030811623760906E-1
8.56599999999999895E9	2.47099949327113588E-1
8.56899999999999906E9	2.45168747995951941E-1
8.57199999999999918E9	2.43237399194479043E-1
8.57499999999999929E9	2.41306097706994205E-1
8.57799999999999940E9	2.39375041388363252E-1
8.58099999999999952E9	2.37444431010516732E-1
8.58399999999999963E9	2.35514470105178741E-1
8.58699999999999974E9	2.33585364803062934E-1
8.58999999999999986E9	2.31657323669748871E-1
8.59299999999999997E9	2.29730557538475422E-1
8.59600000000000009E9	2.27805279340102018E-1
8.59900000000000020E9	2.25881703930475686E-1
8.60200000000000031E9	2.23960047915468596E-1
8.60500000000000043E9	2.22040529473937864E-1
8.60800000000000054E9	2.20123368178886203E-1
8.61100000000000065E9	2.18208784817075996E-1
8.61400000000000077E9	2.16297001207384776E-1
8.61700000000000088E9	2.14388240018168563E-1
8.62000000000000099E9	2.12482724583920568E-1
8.62299999999999933E9	2.10580678721492554E-1
8.62600000000000122E9	2.08682326546168229E-1
8.62899999999999956E9	2.06787892287862674E-1
8.63200000000000145E9	2.04897600107734901E-1
8.63499999999999979E9	2.03011673915476321E-1
8.63799999999999990E9	2.01130337187567232E-1
8.64100000000000001E9	1.99253812786758955E-1
8.64400000000000013E9	1.97382322783059982E-1
8.64700000000000024E9	1.95516088276483901E-1
8.65000000000000036E9	1.93655329221817163E-1
8.65300000000000047E9	1.91800264255672670E-1
8.65600000000000058E9	1.89951110526051958E-1
8.65900000000000070E9	1.88108083524681824E-1
8.66200000000000081E9	1.86271396922342292E-1
8.66500000000000092E9	1.84441262407413409E-1
8.66799999999999926E9	1.82617889527862176E-1
8.67100000000000115E9	1.80801485536867124E-1
8.67399999999999949E9	1.78992255242291387E-1
8.67700000000000138E9	1.77190400860181940E-1
8.67999999999999972E9	1.75396121872475685E-1
8.68299999999999983E9	1.73609614889082975E-1
8.68599999999999994E9	1.71831073514501398E-1
8.68900000000000006E9	1.70060688219111777E-1
8.69200000000000017E9	1.68298646215280900E-1
8.69500000000000028E9	1.66545131338401986E-1
8.69799999999999862E9	1.64800323932990844E-1
8.70100000000000051E9	1.63064400743912197E-1
8.70399999999999885E9	1.61337534812865413E-1
8.70700000000000074E9	1.59619895380164456E-1
8.70999999999999908E9	1.57911647791907006E-1
8.71299999999999919E9	1.56212953412572664E-1
8.71599999999999930E9	1.54523969543095774E-1
8.71899999999999942E9	1.52844849344444400E-1
8.72199999999999953E9	1.51175741766725436E-1
8.72499999999999964E9	1.49516791483819111E-1
8.72799999999999976E9	1.47868138833547791E-1
8.73099999999999987E9	1.46229919763368632E-1
8.73399999999999999E9	1.44602265781547756E-1
8.73700000000000010E9	1.42985303913809481E-1
8.74000000000000021E9	1.41379156665402106E-1
8.74299999999999855E9	1.39783941988523197E-1
8.74600000000000044E9	1.38199773255064828E-1
8.74899999999999878E9	1.36626759234584760E-1
8.75200000000000067E9	1.35065004077436823E-1
8.75499999999999901E9	1.33514607302981636E-1
8.75799999999999912E9	1.31975663792769371E-1
8.76099999999999923E9	1.30448263788605967E-1
8.76399999999999935E9	1.28932492895392570E-1
8.76699999999999946E9	1.27428432088622290E-1
8.76999999999999957E9	1.25936157726424014E-1
8.77299999999999969E9	1.24455741566020817E-1
8.77599999999999980E9	1.22987250784478719E-1
8.77899999999999991E9	1.21530748003616562E-1
8.78200000000000003E9	1.20086291318930249E-1
8.78500000000000014E9	1.18653934332407385E-1
8.78800000000000026E9	1.17233726189070508E-1
8.79100000000000037E9	1.15825711617121563E-1
8.79400000000000048E9	1.14429930971524163E-1
8.79700000000000060E9	1.13046420280885584E-1
8.80000000000000071E9	1.11675211297485166E-1
8.80300000000000082E9	1.10316331550289704E-1
8.80600000000000094E9	1.08969804400817893E-1
8.80900000000000105E9	1.07635649101685815E-1
8.81200000000000117E9	1.06313880857693843E-1
8.81500000000000128E9	1.05004510889294855E-1
8.81799999999999962E9	1.03707546498296543E-1
8.82100000000000151E9	1.02422991135647279E-1
8.82399999999999984E9	1.01150844471153389E-1
8.82700000000000173E9	9.98911024649897961E-2
8.83000000000000007E9	9.86437574408460272E-2
8.83300000000000018E9	9.74087981605791065E-2
8.83600000000000030E9	9.61862099002166104E-2
8.83900000000000041E9	9.49759745271900790E-2
8.84200000000000053E9	9.37780705786475544E-2
8.84500000000000064E9	9.25924733407238953E-2
8.84799999999999898E9	9.14191549286332261E-2
8.85100000000000087E9	9.02580843674614286E-2
8.85399999999999920E9	8.91092276735368927E-2
8.85700000000000109E9	8.79725479362568130E-2
8.85999999999999943E9	8.68480054002568735E-2
8.86299999999999955E9	8.57355575478127108E-2
8.86599999999999966E9	8.46351591813652959E-2
8.86899999999999977E9	8.35467625060661767E-2
8.87199999999999989E9	8.24703172122402428E-2
8.87500000000000000E9	8.14057705576763091E-2
8.87800000000000011E9	8.03530674496476394E-2
8.88100000000000023E9	7.93121505265753868E-2
8.88400000000000034E9	7.82829602392544643E-2
8.88700000000000045E9	7.72654349315583566E-2
8.89000000000000057E9	7.62595109205466226E-2
8.89299999999999891E9	7.52651225759059628E-2
8.89600000000000080E9	7.42822023986540625E-2
8.89899999999999913E9	7.33106810990415969E-2
8.90200000000000102E9	7.23504876735948166E-2
8.90499999999999936E9	7.14015494812374207E-2
8.90799999999999947E9	7.04637923184418824E-2
8.91099999999999959E9	6.95371404933621395E-2
8.91399999999999970E9	6.86215168988947433E-2
8.91699999999999982E9	6.77168430846352276E-2
8.91999999999999993E9	6.68230393276822809E-2
8.92299999999999827E9	6.59400247022610042E-2
8.92600000000000016E9	6.50677171481261052E-2
8.92899999999999849E9	6.42060335377218294E-2
8.93200000000000038E9	6.33548897420677193E-2
8.93499999999999872E9	6.25142006953471796E-2
8.93799999999999883E9	6.16838804581823119E-2
8.94099999999999895E9	6.08638422795714717E-2
8.94399999999999906E9	6.00539986574780560E-2
8.94699999999999918E9	5.92542613980574018E-2
8.94999999999999929E9	5.84645416735087409E-2
8.95299999999999940E9	5.76847500785495093E-2
8.95599999999999952E9	5.69147966855004661E-2
8.95899999999999963E9	5.61545910979830865E-2
8.96199999999999974E9	5.54040425032235273E-2
8.96499999999999986E9	5.46630597229679616E-2
8.96799999999999997E9	5.39315512630064653E-2
8.97100000000000009E9	5.32094253613151302E-2
8.97400000000000020E9	5.24965900348176540E-2
8.97700000000000031E9	5.17929531247748898E-2
8.98000000000000043E9	5.10984223408124905E-2
8.98300000000000054E9	5.04129053035967889E-2
8.98600000000000065E9	4.97363095861663673E-2
8.98900000000000077E9	4.90685427539373809E-2
8.99200000000000088E9	4.84095124033929736E-2
8.99500000000000099E9	4.77591261994731830E-2
8.99799999999999933E9	4.71172919116803168E-2
9.00100000000000122E9	4.64839174489163831E-2
9.00399999999999956E9	4.58589108930704281E-2
9.00700000000000145E9	4.52421805313754888E-2
9.00999999999999979E9	4.46336348875506506E-2
9.01299999999999990E9	4.40331827517515073E-2
9.01600000000000001E9	4.34407332093475951E-2
9.01900000000000013E9	4.28561956685460466E-2
9.02200000000000024E9	4.22794798868859356E-2
9.02500000000000036E9	4.17104959966215016E-2
9.02800000000000047E9	4.11491545290174265E-2
9.03100000000000058E9	4.05953664375809176E-2
9.03400000000000070E9	4.00490431202450559E-2
9.03700000000000081E9	3.95100964405372679E-2
9.04000000000000092E9	3.89784387477460914E-2
9.04299999999999926E9	3.84539828961130192E-2
9.04600000000000115E9	3.79366422630722022E-2
9.04899999999999949E9	3.74263307665604072E-2
9.05200000000000138E9	3.69229628814210198E-2
9.05499999999999972E9	3.64264536549222795E-2
9.05799999999999983E9	3.59367187214166073E-2
9.06099999999999994E9	3.54536743161594714E-2
9.06400000000000006E9	3.49772372883143046E-2
9.06700000000000017E9	3.45073251131622794E-2
9.07000000000000028E9	3.40438559035413935E-2
9.07299999999999862E9	3.35867484205373579E-2
9.07600000000000051E9	3.31359220834450952E-2
9.07899999999999885E9	3.26912969790259966E-2
9.08200000000000074E9	3.22527938700805716E-2
9.08499999999999908E9	3.18203342033564374E-2
9.08799999999999919E9	3.13938401168146752E-2
9.09099999999999930E9	3.09732344462739784E-2
9.09399999999999942E9	3.05584407314522011E-2
9.09699999999999953E9	3.01493832214258717E-2
9.09999999999999964E9	2.97459868795279458E-2
9.10299999999999976E9	2.93481773876999608E-2
9.10599999999999987E9	2.89558811503218028E-2
9.10899999999999999E9	2.85690252975340409E-2
9.11200000000000010E9	2.81875376880724948E-2
9.11500000000000021E9	2.78113469116323175E-2
9.11799999999999855E9	2.74403822907792438E-2
9.12100000000000044E9	2.70745738824255167E-2
9.12399999999999878E9	2.67138524788861087E-2
9.12700000000000067E9	2.63581496085318090E-2
9.12999999999999901E9	2.60073975360558673E-2
9.13299999999999912E9	2.56615292623692781E-2
9.13599999999999923E9	2.53204785241390873E-2
9.13899999999999935E9	2.49841797929857456E-2
9.14199999999999946E9	2.46525682743539143E-2
9.14499999999999957E9	2.43255799060693123E-2
9.14799999999999969E9	2.40031513565970700E-2
9.15099999999999980E9	2.36852200230138799E-2
9.15399999999999991E9	2.33717240287074368E-2
9.15700000000000003E9	2.30626022208155179E-2
9.16000000000000014E9	2.27577941674166295E-2
9.16300000000000026E9	2.24572401544853717E-2
9.16600000000000037E9	2.21608811826229957E-2
9.16900000000000048E9	2.18686589635741502E-2
9.17200000000000060E9	2.15805159165420068E-2
9.17500000000000071E9	2.12963951643113258E-2
9.17800000000000082E9	2.10162405291901999E-2
9.18100000000000094E9	2.07399965287798205E-2
9.18400000000000105E9	2.04676083715828616E-2
9.18700000000000117E9	2.01990219524588133E-2
9.19000000000000128E9	1.99341838479361488E-2
9.19299999999999962E9	1.96730413113891700E-2
9.19600000000000151E9	1.94155422680886547E-2
9.19899999999999984E9	1.91616353101347392E-2
9.20200000000000173E9	1.89112696912778344E-2
9.20500000000000007E9	1.86643953216390934E-2
9.20800000000000018E9	1.84209627623332794E-2
9.21100000000000030E9	1.81809232200043258E-2
9.21400000000000041E9	1.79442285412791835E-2
9.21700000000000053E9	1.77108312071466378E-2
9.22000000000000064E9	1.74806843272672774E-2
9.22299999999999898E9	1.72537416342214001E-2
9.22600000000000087E9	1.70299574776995644E-2
9.22899999999999920E9	1.68092868186425637E-2
9.23200000000000109E9	1.65916852233359524E-2
9.23499999999999943E9	1.63771088574634049E-2
9.23799999999999955E9	1.61655144801255535E-2
9.24099999999999966E9	1.59568594378277595E-2
9.24399999999999977E9	1.57511016584416552E-2
9.24699999999999989E9	1.55481996451458038E-2
9.25000000000000000E9	1.53481124703488359E-2
9.25300000000000011E9	1.51507997695986107E-2
9.25600000000000023E9	1.49562217354829197E-2
9.25900000000000034E9	1.47643391115240785E-2
9.26200000000000045E9	1.45751131860712491E-2
9.26500000000000057E9	1.43885057861944610E-2
9.26799999999999891E9	1.42044792715827217E-2
9.27100000000000080E9	1.40229965284498892E-2
9.27399999999999913E9	1.38440209634509004E-2
9.27700000000000102E9	1.36675164976119934E-2
9.27999999999999936E9	1.34934475602756487E-2
9.28299999999999947E9	1.33217790830655969E-2
9.28599999999999959E9	1.31524764938710792E-2
9.28899999999999970E9	1.29855057108561289E-2
9.29199999999999982E9	1.28208331364929462E-2
9.29499999999999993E9	1.26584256516230242E-2
9.29799999999999827E9	1.24982506095479495E-2
9.30100000000000016E9	1.23402758301512216E-2
9.30399999999999849E9	1.21844695940530023E-2
9.30700000000000038E9	1.20308006367996745E-2
9.30999999999999872E9	1.18792381430890304E-2
9.31299999999999883E9	1.17297517410337737E-2
9.31599999999999895E9	1.15823114964633977E-2
9.31899999999999906E9	1.14368879072663931E-2
9.32199999999999918E9	1.12934518977740472E-2
9.32499999999999929E9	1.11519748131862806E-2
9.32799999999999940E9	1.10124284140418838E-2
9.33099999999999952E9	1.08747848707321948E-2
9.33399999999999963E9	1.07390167580609974E-2
9.33699999999999974E9	1.06050970498502406E-2
9.33999999999999986E9	1.04729991135926470E-2
9.34299999999999997E9	1.03426967051524121E-2
9.34600000000000009E9	1.02141639635136983E-2
9.34900000000000020E9	1.00873754055782894E-2
9.35200000000000031E9	9.96230592101256107E-3
9.35500000000000043E9	9.83893076714421788E-3
9.35800000000000054E9	9.71722556390952796E-3
9.36100000000000065E9	9.59716628885094636E-3
9.36400000000000077E9	9.47872927216588934E-3
9.36700000000000088E9	9.36189119180636808E-3
9.37000000000000099E9	9.24662906863091827E-3
9.37299999999999933E9	9.13292026160712567E-3
9.37600000000000122E9	9.02074246306680827E-3
9.37899999999999956E9	8.91007369401270921E-3
9.38200000000000145E9	8.80089229947741281E-3
9.38499999999999979E9	8.69317694393400942E-3
9.38799999999999990E9	8.58690660675934936E-3
9.39100000000000001E9	8.48206057774887334E-3
9.39400000000000013E9	8.37861845268376726E-3
9.39700000000000024E9	8.27656012894994220E-3
9.40000000000000036E9	8.17586580120875084E-3
9.40300000000000047E9	8.07651595711981152E-3
9.40600000000000058E9	7.97849137311499135E-3
9.40900000000000070E9	7.88177311022401739E-3
9.41200000000000081E9	7.78634250995124422E-3
9.41500000000000092E9	7.69218119020355218E-3
9.41799999999999926E9	7.59927104126878561E-3
9.42100000000000115E9	7.50759422184499225E-3
9.42399999999999949E9	7.41713315511968219E-3
9.42700000000000138E9	7.32787052489926616E-3
9.42999999999999972E9	7.23978927178806231E-3
9.43299999999999983E9	7.15287258941673443E-3
9.43599999999999994E9	7.06710392071980742E-3
9.43900000000000006E9	6.98246695426176878E-3
9.44200000000000017E9	6.89894562061181382E-3
9.44500000000000028E9	6.81652408876620797E-3
9.44799999999999862E9	6.73518676261872340E-3
9.45100000000000051E9	6.65491827747794851E-3
9.45399999999999885E9	6.57570349663182618E-3
9.45700000000000074E9	6.49752750795845024E-3
9.45999999999999908E9	6.42037562058299560E-3
9.46299999999999919E9	6.34423336158040030E-3
9.46599999999999930E9	6.26908647272313768E-3
9.46899999999999942E9	6.19492090727409561E-3
9.47199999999999953E9	6.12172282682352531E-3
9.47499999999999964E9	6.04947859817037070E-3
9.47799999999999976E9	5.97817479024678633E-3
9.48099999999999987E9	5.90779817108601790E-3
9.48399999999999999E9	5.83833570483279374E-3
9.48700000000000010E9	5.76977454879601925E-3
9.49000000000000021E9	5.70210205054330288E-3
9.49299999999999855E9	5.63530574503664106E-3
9.49600000000000044E9	5.56937335180922410E-3
9.49899999999999878E9	5.50429277218240998E-3
9.50200000000000067E9	5.44005208652298844E-3
9.50499999999999901E9	5.37663955153957573E-3
9.50799999999999912E9	5.31404359761847189E-3
9.51099999999999923E9	5.25225282619791756E-3
9.51399999999999935E9	5.19125600718053359E-3
9.51699999999999946E9	5.13104207638354204E-3
9.51999999999999957E9	5.07160013302619816E-3
9.52299999999999969E9	5.01291943725403311E-3
9.52599999999999980E9	4.95498940769951712E-3
9.52899999999999991E9	4.89779961907857864E-3
9.53200000000000003E9	4.84133979982260687E-3
9.53500000000000014E9	4.78559982974541320E-3
9.53800000000000026E9	4.73056973774494605E-3
9.54100000000000037E9	4.67623969953895902E-3
9.54400000000000048E9	4.62260003543449027E-3
9.54700000000000060E9	4.56964120813051178E-3
9.55000000000000071E9	4.51735382055356816E-3
9.55300000000000082E9	4.46572861372562446E-3
9.55600000000000094E9	4.41475646466402694E-3
9.55900000000000105E9	4.36442838431294522E-3
9.56200000000000117E9	4.31473551550599232E-3
9.56500000000000128E9	4.26566913095945566E-3
9.56799999999999962E9	4.21722063129597835E-3
9.57100000000000151E9	4.16938154309790576E-3
9.57399999999999984E9	4.12214351699037884E-3
9.57700000000000173E9	4.07549832575316273E-3
9.58000000000000007E9	4.02943786246151525E-3
9.58300000000000018E9	3.98395413865492820E-3
9.58600000000000030E9	3.93903928253408475E-3
9.58900000000000041E9	3.89468553718509636E-3
9.59200000000000053E9	3.85088525883088062E-3
9.59500000000000064E9	3.80763091510926177E-3
9.59799999999999898E9	3.76491508337744873E-3
9.60100000000000087E9	3.72273044904238226E-3
9.60399999999999920E9	3.68106980391670069E-3
9.60700000000000109E9	3.63992604459998104E-3
9.60999999999999943E9	3.59929217088473496E-3
9.61299999999999955E9	3.55916128418700950E-3
9.61599999999999966E9	3.51952658600102630E-3
9.61899999999999977E9	3.48038137637765255E-3
9.62199999999999989E9	3.44171905242637077E-3
9.62500000000000000E9	3.40353310684021970E-3
9.62800000000000011E9	3.36581712644360698E-3
9.63100000000000023E9	3.32856479076249023E-3
9.63400000000000034E9	3.29176987061663340E-3
9.63700000000000045E9	3.25542622673367177E-3
9.64000000000000057E9	3.21952780838457553E-3
9.64299999999999891E9	3.18406865204028167E-3
9.64600000000000080E9	3.14904288004905331E-3
9.64899999999999913E9	3.11444469933439372E-3
9.65200000000000102E9	3.08026840011314418E-3
9.65499999999999936E9	3.04650835463340197E-3
9.65799999999999947E9	3.01315901593212532E-3
9.66099999999999959E9	2.98021491661186522E-3
9.66399999999999970E9	2.94767066763666907E-3
9.66699999999999982E9	2.91552095714655390E-3
9.66999999999999993E9	2.88376054929046610E-3
9.67299999999999827E9	2.85238428307733338E-3
9.67600000000000016E9	2.82138707124504418E-3
9.67899999999999849E9	2.79076389914693834E-3
9.68200000000000038E9	2.76050982365566799E-3
9.68499999999999872E9	2.73061997208411400E-3
9.68799999999999883E9	2.70108954112306998E-3
9.69099999999999895E9	2.67191379579544419E-3
9.69399999999999906E9	2.64308806842678301E-3
9.69699999999999918E9	2.61460775763180031E-3
9.69999999999999929E9	2.58646832731669285E-3
9.70299999999999940E9	2.55866530569692374E-3
9.70599999999999952E9	2.53119428433047133E-3
9.70899999999999963E9	2.50405091716588224E-3
9.71199999999999974E9	2.47723091960540742E-3
9.71499999999999986E9	2.45073006758253342E-3
9.71799999999999997E9	2.42454419665396381E-3
9.72100000000000009E9	2.39866920110574089E-3
9.72400000000000020E9	2.37310103307324161E-3
9.72700000000000031E9	2.34783570167499578E-3
9.73000000000000043E9	2.32286927215975281E-3
9.73300000000000054E9	2.29819786506712020E-3
9.73600000000000065E9	2.27381765540105452E-3
9.73900000000000077E9	2.24972487181626857E-3
9.74200000000000088E9	2.22591579581737431E-3
9.74500000000000099E9	2.20238676097037134E-3
9.74799999999999933E9	2.17913415212650108E-3
9.75100000000000122E9	2.15615440465812291E-3
9.75399999999999956E9	2.13344400370647369E-3
9.75700000000000145E9	2.11099948344115340E-3
9.75999999999999979E9	2.08881742633107814E-3
9.76299999999999990E9	2.06689446242679953E-3
9.76600000000000001E9	2.04522726865397386E-3
9.76900000000000013E9	2.02381256811777321E-3
9.77200000000000024E9	2.00264712941814160E-3
9.77500000000000036E9	1.98172776597562894E-3
9.77800000000000047E9	1.96105133536776943E-3
9.78100000000000058E9	1.94061473867565026E-3
9.78400000000000070E9	1.92041491984070301E-3
9.78700000000000081E9	1.90044886503142552E-3
9.79000000000000092E9	1.88071360201991933E-3
9.79299999999999926E9	1.86120619956812505E-3
9.79600000000000115E9	1.84192376682350689E-3
9.79899999999999949E9	1.82286345272412431E-3
9.80200000000000138E9	1.80402244541292700E-3
9.80499999999999972E9	1.78539797166106817E-3
9.80799999999999983E9	1.76698729630017581E-3
9.81099999999999994E9	1.74878772166336560E-3
9.81400000000000006E9	1.73079658703492889E-3
9.81700000000000017E9	1.71301126810848015E-3
9.82000000000000028E9	1.69542917645350255E-3
9.82299999999999862E9	1.67804775899009795E-3
9.82600000000000051E9	1.66086449747185227E-3
9.82899999999999885E9	1.64387690797665131E-3
9.83200000000000074E9	1.62708254040539524E-3
9.83499999999999908E9	1.61047897798837658E-3
9.83799999999999919E9	1.59406383679927766E-3
9.84099999999999930E9	1.57783476527663002E-3
9.84399999999999942E9	1.56178944375268047E-3
9.84699999999999953E9	1.54592558398944147E-3
9.84999999999999964E9	1.53024092872188189E-3
9.85299999999999976E9	1.51473325120815461E-3
9.85599999999999987E9	1.49940035478671296E-3
9.85899999999999999E9	1.48424007244018363E-3
9.86200000000000010E9	1.46925026636600653E-3
9.86500000000000021E9	1.45442882755356018E-3
9.86799999999999855E9	1.43977367536779299E-3
9.87100000000000044E9	1.42528275713927499E-3
9.87399999999999878E9	1.41095404776044164E-3
9.87700000000000067E9	1.39678554928805654E-3
9.87999999999999901E9	1.38277529055170678E-3
9.88299999999999912E9	1.36892132676833844E-3
9.88599999999999923E9	1.35522173916258737E-3
9.88899999999999935E9	1.34167463459296865E-3
9.89199999999999946E9	1.32827814518371667E-3
9.89499999999999957E9	1.31503042796226222E-3
9.89799999999999969E9	1.30192966450217606E-3
9.90099999999999980E9	1.28897406057162067E-3
9.90399999999999991E9	1.27616184578706626E-3
9.90700000000000003E9	1.26349127327230537E-3
9.91000000000000014E9	1.25096061932261304E-3
9.91300000000000026E9	1.23856818307405470E-3
9.91600000000000037E9	1.22631228617775467E-3
9.91900000000000048E9	1.21419127247909242E-3
9.92200000000000060E9	1.20220350770180562E-3
9.92500000000000071E9	1.19034737913681532E-3
9.92800000000000082E9	1.17862129533579862E-3
9.93100000000000094E9	1.16702368580934057E-3
9.93400000000000105E9	1.15555300072968370E-3
9.93700000000000117E9	1.14420771063795312E-3
9.94000000000000128E9	1.13298630615576967E-3
9.94299999999999962E9	1.12188729770122064E-3
9.94600000000000151E9	1.11090921520911667E-3
9.94899999999999984E9	1.10005060785544551E-3
9.95200000000000173E9	1.08931004378592688E-3
9.95500000000000007E9	1.07868610984874014E-3
9.95800000000000018E9	1.06817741133114885E-3
9.96100000000000030E9	1.05778257170015766E-3
9.96400000000000041E9	1.04750023234700640E-3
9.96700000000000053E9	1.03732905233551698E-3
9.97000000000000064E9	1.02726770815418500E-3
9.97299999999999898E9	1.01731489347199022E-3
9.97600000000000087E9	1.00746931889784186E-3
9.97899999999999920E9	9.97729711743639136E-4
9.98200000000000109E9	9.88094815790825365E-4
9.98499999999999943E9	9.78563391060442989E-4
9.98799999999999955E9	9.69134213586638182E-4
9.99099999999999966E9	9.59806075193480623E-4
9.99399999999999977E9	9.50577783275127075E-4
9.99699999999999989E9	9.41448160579278159E-4
1.00000000000000000E10	9.32416044993797932E-4


